# MC Simulations of 2D Ising Model from Random and Ferromagnetic Initial Condition 
# L = 128, Beta = 1.00
# t ener_rand mag_rand ener_ferr mag_ferr
0 -7.231445312500e-01 +2.526855468750e-02 -1.999023437500e+00 +9.997558593750e-01
1 -1.253417968750e+00 +4.724121093750e-02 -1.996582031250e+00 +9.991455078125e-01
2 -1.249267578125e+00 +4.467773437500e-02 -1.996582031250e+00 +9.991455078125e-01
3 -1.249267578125e+00 +4.821777343750e-02 -1.998046875000e+00 +9.995117187500e-01
4 -1.371582031250e+00 +4.760742187500e-02 -1.999023437500e+00 +9.997558593750e-01
5 -1.374267578125e+00 +4.650878906250e-02 -1.998046875000e+00 +9.995117187500e-01
6 -1.467529296875e+00 +6.384277343750e-02 -1.994873046875e+00 +9.986572265625e-01
7 -1.595458984375e+00 +7.824707031250e-02 -1.996337890625e+00 +9.990234375000e-01
8 -1.594726562500e+00 +7.312011718750e-02 -1.997558593750e+00 +9.993896484375e-01
9 -1.629882812500e+00 +8.691406250000e-02 -1.995605468750e+00 +9.989013671875e-01
10 -1.661621093750e+00 +8.862304687500e-02 -1.996582031250e+00 +9.991455078125e-01
11 -1.661132812500e+00 +8.862304687500e-02 -1.997070312500e+00 +9.992675781250e-01
12 -1.661376953125e+00 +8.728027343750e-02 -1.997070312500e+00 +9.992675781250e-01
13 -1.695556640625e+00 +9.045410156250e-02 -1.997070312500e+00 +9.992675781250e-01
14 -1.696289062500e+00 +8.947753906250e-02 -1.995849609375e+00 +9.989013671875e-01
15 -1.701660156250e+00 +8.959960937500e-02 -1.999023437500e+00 +9.997558593750e-01
16 -1.699218750000e+00 +8.837890625000e-02 -1.994873046875e+00 +9.986572265625e-01
17 -1.706054687500e+00 +8.581542968750e-02 -1.996582031250e+00 +9.991455078125e-01
18 -1.739746093750e+00 +8.666992187500e-02 -1.997070312500e+00 +9.992675781250e-01
19 -1.735839843750e+00 +8.715820312500e-02 -1.996093750000e+00 +9.990234375000e-01
20 -1.735351562500e+00 +8.129882812500e-02 -1.998535156250e+00 +9.996337890625e-01
21 -1.736083984375e+00 +8.508300781250e-02 -1.996093750000e+00 +9.990234375000e-01
22 -1.736328125000e+00 +8.483886718750e-02 -1.996093750000e+00 +9.990234375000e-01
23 -1.737304687500e+00 +8.422851562500e-02 -1.998291015625e+00 +9.995117187500e-01
24 -1.745361328125e+00 +8.740234375000e-02 -1.997070312500e+00 +9.992675781250e-01
25 -1.745361328125e+00 +8.142089843750e-02 -1.996337890625e+00 +9.990234375000e-01
26 -1.744628906250e+00 +8.715820312500e-02 -1.996582031250e+00 +9.991455078125e-01
27 -1.761718750000e+00 +9.423828125000e-02 -1.998046875000e+00 +9.995117187500e-01
28 -1.761474609375e+00 +9.057617187500e-02 -1.997314453125e+00 +9.992675781250e-01
29 -1.763183593750e+00 +9.582519531250e-02 -1.996826171875e+00 +9.991455078125e-01
30 -1.763427734375e+00 +9.680175781250e-02 -1.995605468750e+00 +9.989013671875e-01
31 -1.781982421875e+00 +1.046142578125e-01 -1.995117187500e+00 +9.987792968750e-01
32 -1.783691406250e+00 +9.973144531250e-02 -1.996582031250e+00 +9.991455078125e-01
33 -1.785644531250e+00 +1.049804687500e-01 -1.996337890625e+00 +9.990234375000e-01
34 -1.793212890625e+00 +1.063232421875e-01 -1.996582031250e+00 +9.991455078125e-01
35 -1.794677734375e+00 +1.069335937500e-01 -1.997070312500e+00 +9.992675781250e-01
36 -1.801757812500e+00 +1.066894531250e-01 -1.997558593750e+00 +9.993896484375e-01
37 -1.816406250000e+00 +1.085205078125e-01 -1.996826171875e+00 +9.991455078125e-01
38 -1.820312500000e+00 +1.093750000000e-01 -1.997070312500e+00 +9.992675781250e-01
39 -1.823486328125e+00 +1.092529296875e-01 -1.998535156250e+00 +9.996337890625e-01
40 -1.824462890625e+00 +1.094970703125e-01 -1.998046875000e+00 +9.995117187500e-01
41 -1.822753906250e+00 +1.124267578125e-01 -1.996337890625e+00 +9.990234375000e-01
42 -1.823242187500e+00 +1.086425781250e-01 -1.995605468750e+00 +9.989013671875e-01
43 -1.825195312500e+00 +1.082763671875e-01 -1.998046875000e+00 +9.995117187500e-01
44 -1.825683593750e+00 +1.086425781250e-01 -1.994873046875e+00 +9.986572265625e-01
45 -1.827636718750e+00 +1.131591796875e-01 -1.996582031250e+00 +9.991455078125e-01
46 -1.826171875000e+00 +1.224365234375e-01 -1.996093750000e+00 +9.990234375000e-01
47 -1.828613281250e+00 +1.331787109375e-01 -1.996093750000e+00 +9.990234375000e-01
48 -1.830810546875e+00 +1.430664062500e-01 -1.997558593750e+00 +9.993896484375e-01
49 -1.829833984375e+00 +1.348876953125e-01 -1.998535156250e+00 +9.996337890625e-01
50 -1.830810546875e+00 +1.427001953125e-01 -1.998046875000e+00 +9.995117187500e-01
51 -1.836914062500e+00 +1.484375000000e-01 -1.997558593750e+00 +9.993896484375e-01
52 -1.835693359375e+00 +1.439208984375e-01 -1.997802734375e+00 +9.993896484375e-01
53 -1.836669921875e+00 +1.524658203125e-01 -1.995849609375e+00 +9.989013671875e-01
54 -1.840087890625e+00 +1.534423828125e-01 -1.995117187500e+00 +9.987792968750e-01
55 -1.837890625000e+00 +1.505126953125e-01 -1.995605468750e+00 +9.989013671875e-01
56 -1.839355468750e+00 +1.558837890625e-01 -1.996826171875e+00 +9.991455078125e-01
57 -1.838867187500e+00 +1.564941406250e-01 -1.997558593750e+00 +9.993896484375e-01
58 -1.839111328125e+00 +1.508789062500e-01 -1.998046875000e+00 +9.995117187500e-01
59 -1.841308593750e+00 +1.497802734375e-01 -1.996093750000e+00 +9.990234375000e-01
60 -1.841064453125e+00 +1.486816406250e-01 -1.995605468750e+00 +9.989013671875e-01
61 -1.842041015625e+00 +1.489257812500e-01 -1.997558593750e+00 +9.993896484375e-01
62 -1.841308593750e+00 +1.474609375000e-01 -1.997070312500e+00 +9.992675781250e-01
63 -1.842529296875e+00 +1.463623046875e-01 -1.998046875000e+00 +9.995117187500e-01
64 -1.841796875000e+00 +1.494140625000e-01 -1.998046875000e+00 +9.995117187500e-01
65 -1.840332031250e+00 +1.488037109375e-01 -1.997802734375e+00 +9.993896484375e-01
66 -1.841308593750e+00 +1.512451171875e-01 -1.997558593750e+00 +9.993896484375e-01
67 -1.843017578125e+00 +1.519775390625e-01 -1.998535156250e+00 +9.996337890625e-01
68 -1.843994140625e+00 +1.531982421875e-01 -1.999023437500e+00 +9.997558593750e-01
69 -1.845703125000e+00 +1.567382812500e-01 -1.999023437500e+00 +9.997558593750e-01
70 -1.844482421875e+00 +1.572265625000e-01 -1.997070312500e+00 +9.992675781250e-01
71 -1.844726562500e+00 +1.564941406250e-01 -1.995361328125e+00 +9.987792968750e-01
72 -1.845703125000e+00 +1.568603515625e-01 -1.998046875000e+00 +9.995117187500e-01
73 -1.843505859375e+00 +1.560058593750e-01 -1.996093750000e+00 +9.990234375000e-01
74 -1.843750000000e+00 +1.560058593750e-01 -1.996093750000e+00 +9.990234375000e-01
75 -1.847656250000e+00 +1.567382812500e-01 -1.997070312500e+00 +9.992675781250e-01
76 -1.848144531250e+00 +1.567382812500e-01 -1.995605468750e+00 +9.989013671875e-01
77 -1.846191406250e+00 +1.575927734375e-01 -1.997070312500e+00 +9.992675781250e-01
78 -1.843261718750e+00 +1.595458984375e-01 -1.995117187500e+00 +9.987792968750e-01
79 -1.844726562500e+00 +1.606445312500e-01 -1.993896484375e+00 +9.984130859375e-01
80 -1.840820312500e+00 +1.655273437500e-01 -1.998291015625e+00 +9.995117187500e-01
81 -1.845703125000e+00 +1.599121093750e-01 -1.997070312500e+00 +9.992675781250e-01
82 -1.845214843750e+00 +1.602783203125e-01 -1.995605468750e+00 +9.989013671875e-01
83 -1.844238281250e+00 +1.611328125000e-01 -1.998046875000e+00 +9.995117187500e-01
84 -1.845458984375e+00 +1.602783203125e-01 -1.997070312500e+00 +9.992675781250e-01
85 -1.845214843750e+00 +1.600341796875e-01 -1.996337890625e+00 +9.990234375000e-01
86 -1.844482421875e+00 +1.596679687500e-01 -1.994628906250e+00 +9.986572265625e-01
87 -1.844726562500e+00 +1.567382812500e-01 -1.995849609375e+00 +9.989013671875e-01
88 -1.843750000000e+00 +1.564941406250e-01 -1.996093750000e+00 +9.990234375000e-01
89 -1.843750000000e+00 +1.595458984375e-01 -1.997314453125e+00 +9.992675781250e-01
90 -1.846679687500e+00 +1.594238281250e-01 -1.994628906250e+00 +9.986572265625e-01
91 -1.847167968750e+00 +1.567382812500e-01 -1.996582031250e+00 +9.991455078125e-01
92 -1.849365234375e+00 +1.562500000000e-01 -1.997070312500e+00 +9.992675781250e-01
93 -1.846923828125e+00 +1.557617187500e-01 -1.996582031250e+00 +9.991455078125e-01
94 -1.848144531250e+00 +1.534423828125e-01 -1.995605468750e+00 +9.989013671875e-01
95 -1.855957031250e+00 +1.523437500000e-01 -1.996337890625e+00 +9.990234375000e-01
96 -1.858642578125e+00 +1.540527343750e-01 -1.998046875000e+00 +9.995117187500e-01
97 -1.862060546875e+00 +1.572265625000e-01 -1.996582031250e+00 +9.991455078125e-01
98 -1.868408203125e+00 +1.582031250000e-01 -1.998046875000e+00 +9.995117187500e-01
99 -1.869628906250e+00 +1.593017578125e-01 -1.997802734375e+00 +9.993896484375e-01
100 -1.875000000000e+00 +1.619873046875e-01 -1.998046875000e+00 +9.995117187500e-01
101 -1.876464843750e+00 +1.628417968750e-01 -1.998535156250e+00 +9.996337890625e-01
102 -1.876220703125e+00 +1.634521484375e-01 -1.998535156250e+00 +9.996337890625e-01
103 -1.875488281250e+00 +1.627197265625e-01 -1.999023437500e+00 +9.997558593750e-01
104 -1.875244140625e+00 +1.627197265625e-01 -1.999023437500e+00 +9.997558593750e-01
105 -1.874755859375e+00 +1.628417968750e-01 -1.997558593750e+00 +9.993896484375e-01
106 -1.875488281250e+00 +1.630859375000e-01 -1.995361328125e+00 +9.987792968750e-01
107 -1.875000000000e+00 +1.633300781250e-01 -1.998535156250e+00 +9.996337890625e-01
108 -1.873779296875e+00 +1.621093750000e-01 -1.998046875000e+00 +9.995117187500e-01
109 -1.874511718750e+00 +1.625976562500e-01 -1.997314453125e+00 +9.992675781250e-01
110 -1.875732421875e+00 +1.618652343750e-01 -1.996826171875e+00 +9.991455078125e-01
111 -1.879882812500e+00 +1.619873046875e-01 -1.997070312500e+00 +9.992675781250e-01
112 -1.878662109375e+00 +1.654052734375e-01 -1.997558593750e+00 +9.993896484375e-01
113 -1.877685546875e+00 +1.650390625000e-01 -1.994873046875e+00 +9.986572265625e-01
114 -1.878173828125e+00 +1.622314453125e-01 -1.994628906250e+00 +9.986572265625e-01
115 -1.877197265625e+00 +1.652832031250e-01 -1.995605468750e+00 +9.989013671875e-01
116 -1.875732421875e+00 +1.655273437500e-01 -1.998046875000e+00 +9.995117187500e-01
117 -1.877441406250e+00 +1.658935546875e-01 -1.998046875000e+00 +9.995117187500e-01
118 -1.876953125000e+00 +1.718750000000e-01 -1.997558593750e+00 +9.993896484375e-01
119 -1.878906250000e+00 +1.751708984375e-01 -1.997070312500e+00 +9.992675781250e-01
120 -1.875000000000e+00 +1.821289062500e-01 -1.997070312500e+00 +9.992675781250e-01
121 -1.876220703125e+00 +1.824951171875e-01 -1.997070312500e+00 +9.992675781250e-01
122 -1.877197265625e+00 +1.884765625000e-01 -1.997558593750e+00 +9.993896484375e-01
123 -1.875976562500e+00 +1.888427734375e-01 -1.998046875000e+00 +9.995117187500e-01
124 -1.875488281250e+00 +1.882324218750e-01 -1.999023437500e+00 +9.997558593750e-01
125 -1.875488281250e+00 +1.918945312500e-01 -1.998535156250e+00 +9.996337890625e-01
126 -1.874267578125e+00 +1.916503906250e-01 -1.999023437500e+00 +9.997558593750e-01
127 -1.880126953125e+00 +1.938476562500e-01 -1.997558593750e+00 +9.993896484375e-01
128 -1.877685546875e+00 +1.938476562500e-01 -1.999023437500e+00 +9.997558593750e-01
129 -1.875000000000e+00 +1.964111328125e-01 -1.996582031250e+00 +9.991455078125e-01
130 -1.878906250000e+00 +1.944580078125e-01 -1.994628906250e+00 +9.986572265625e-01
131 -1.880615234375e+00 +1.942138671875e-01 -1.998535156250e+00 +9.996337890625e-01
132 -1.880126953125e+00 +1.940917968750e-01 -1.999023437500e+00 +9.997558593750e-01
133 -1.880371093750e+00 +1.938476562500e-01 -1.997314453125e+00 +9.992675781250e-01
134 -1.875488281250e+00 +1.944580078125e-01 -1.995849609375e+00 +9.989013671875e-01
135 -1.877929687500e+00 +1.962890625000e-01 -1.997558593750e+00 +9.993896484375e-01
136 -1.877441406250e+00 +1.931152343750e-01 -1.997070312500e+00 +9.992675781250e-01
137 -1.879882812500e+00 +1.956787109375e-01 -1.996337890625e+00 +9.990234375000e-01
138 -1.878662109375e+00 +1.953125000000e-01 -1.997070312500e+00 +9.992675781250e-01
139 -1.879150390625e+00 +1.982421875000e-01 -1.997070312500e+00 +9.992675781250e-01
140 -1.879882812500e+00 +1.984863281250e-01 -1.998046875000e+00 +9.995117187500e-01
141 -1.879638671875e+00 +1.982421875000e-01 -1.995849609375e+00 +9.989013671875e-01
142 -1.883056640625e+00 +2.022705078125e-01 -1.996093750000e+00 +9.990234375000e-01
143 -1.884033203125e+00 +2.025146484375e-01 -1.997802734375e+00 +9.993896484375e-01
144 -1.883056640625e+00 +2.025146484375e-01 -1.996337890625e+00 +9.990234375000e-01
145 -1.881103515625e+00 +2.032470703125e-01 -1.995605468750e+00 +9.989013671875e-01
146 -1.885009765625e+00 +2.080078125000e-01 -1.995117187500e+00 +9.987792968750e-01
147 -1.883056640625e+00 +2.067871093750e-01 -1.995117187500e+00 +9.987792968750e-01
148 -1.885498046875e+00 +2.070312500000e-01 -1.996582031250e+00 +9.991455078125e-01
149 -1.885009765625e+00 +2.075195312500e-01 -1.998535156250e+00 +9.996337890625e-01
150 -1.885742187500e+00 +2.054443359375e-01 -1.997070312500e+00 +9.992675781250e-01
151 -1.883300781250e+00 +2.091064453125e-01 -1.994140625000e+00 +9.985351562500e-01
152 -1.885009765625e+00 +2.110595703125e-01 -1.998046875000e+00 +9.995117187500e-01
153 -1.884277343750e+00 +2.111816406250e-01 -1.997314453125e+00 +9.992675781250e-01
154 -1.884521484375e+00 +2.080078125000e-01 -1.996093750000e+00 +9.990234375000e-01
155 -1.882080078125e+00 +2.062988281250e-01 -1.995605468750e+00 +9.989013671875e-01
156 -1.882812500000e+00 +2.077636718750e-01 -1.997070312500e+00 +9.992675781250e-01
157 -1.885498046875e+00 +2.075195312500e-01 -1.997070312500e+00 +9.992675781250e-01
158 -1.885009765625e+00 +2.067871093750e-01 -1.996582031250e+00 +9.991455078125e-01
159 -1.884765625000e+00 +2.069091796875e-01 -1.996093750000e+00 +9.990234375000e-01
160 -1.882324218750e+00 +2.070312500000e-01 -1.997558593750e+00 +9.993896484375e-01
161 -1.880371093750e+00 +2.066650390625e-01 -1.995117187500e+00 +9.987792968750e-01
162 -1.882812500000e+00 +2.070312500000e-01 -1.995605468750e+00 +9.989013671875e-01
163 -1.883056640625e+00 +2.078857421875e-01 -1.996582031250e+00 +9.991455078125e-01
164 -1.885009765625e+00 +2.093505859375e-01 -1.997558593750e+00 +9.993896484375e-01
165 -1.886962890625e+00 +2.095947265625e-01 -1.998046875000e+00 +9.995117187500e-01
166 -1.885742187500e+00 +2.114257812500e-01 -1.995605468750e+00 +9.989013671875e-01
167 -1.886962890625e+00 +2.087402343750e-01 -1.998535156250e+00 +9.996337890625e-01
168 -1.883544921875e+00 +2.121582031250e-01 -1.995117187500e+00 +9.987792968750e-01
169 -1.885253906250e+00 +2.127685546875e-01 -1.995361328125e+00 +9.987792968750e-01
170 -1.885742187500e+00 +2.130126953125e-01 -1.995361328125e+00 +9.987792968750e-01
171 -1.886962890625e+00 +2.094726562500e-01 -1.999511718750e+00 +9.998779296875e-01
172 -1.886230468750e+00 +2.095947265625e-01 -1.999023437500e+00 +9.997558593750e-01
173 -1.886718750000e+00 +2.086181640625e-01 -1.995605468750e+00 +9.989013671875e-01
174 -1.887451171875e+00 +2.121582031250e-01 -1.997070312500e+00 +9.992675781250e-01
175 -1.888916015625e+00 +2.171630859375e-01 -1.997314453125e+00 +9.992675781250e-01
176 -1.889892578125e+00 +2.232666015625e-01 -1.997314453125e+00 +9.992675781250e-01
177 -1.892578125000e+00 +2.243652343750e-01 -1.997558593750e+00 +9.993896484375e-01
178 -1.892333984375e+00 +2.238769531250e-01 -1.997070312500e+00 +9.992675781250e-01
179 -1.888916015625e+00 +2.236328125000e-01 -1.997070312500e+00 +9.992675781250e-01
180 -1.890869140625e+00 +2.238769531250e-01 -1.997314453125e+00 +9.992675781250e-01
181 -1.892822265625e+00 +2.237548828125e-01 -1.997558593750e+00 +9.993896484375e-01
182 -1.894287109375e+00 +2.246093750000e-01 -1.998046875000e+00 +9.995117187500e-01
183 -1.893554687500e+00 +2.288818359375e-01 -1.998535156250e+00 +9.996337890625e-01
184 -1.895019531250e+00 +2.288818359375e-01 -1.996826171875e+00 +9.991455078125e-01
185 -1.894775390625e+00 +2.227783203125e-01 -1.997070312500e+00 +9.992675781250e-01
186 -1.893066406250e+00 +2.233886718750e-01 -1.998779296875e+00 +9.996337890625e-01
187 -1.894042968750e+00 +2.285156250000e-01 -1.997558593750e+00 +9.993896484375e-01
188 -1.895263671875e+00 +2.241210937500e-01 -1.998046875000e+00 +9.995117187500e-01
189 -1.894287109375e+00 +2.242431640625e-01 -1.997070312500e+00 +9.992675781250e-01
190 -1.894531250000e+00 +2.244873046875e-01 -1.997070312500e+00 +9.992675781250e-01
191 -1.890380859375e+00 +2.249755859375e-01 -1.997070312500e+00 +9.992675781250e-01
192 -1.891601562500e+00 +2.242431640625e-01 -1.995849609375e+00 +9.989013671875e-01
193 -1.890136718750e+00 +2.243652343750e-01 -1.997558593750e+00 +9.993896484375e-01
194 -1.893310546875e+00 +2.279052734375e-01 -1.999511718750e+00 +9.998779296875e-01
195 -1.893310546875e+00 +2.290039062500e-01 -1.997558593750e+00 +9.993896484375e-01
196 -1.895507812500e+00 +2.342529296875e-01 -1.999023437500e+00 +9.997558593750e-01
197 -1.896728515625e+00 +2.385253906250e-01 -1.998046875000e+00 +9.995117187500e-01
198 -1.896240234375e+00 +2.338867187500e-01 -1.998535156250e+00 +9.996337890625e-01
199 -1.897949218750e+00 +2.338867187500e-01 -1.998046875000e+00 +9.995117187500e-01
200 -1.897216796875e+00 +2.349853515625e-01 -1.997558593750e+00 +9.993896484375e-01
201 -1.899902343750e+00 +2.347412109375e-01 -1.998535156250e+00 +9.996337890625e-01
202 -1.897460937500e+00 +2.315673828125e-01 -1.998046875000e+00 +9.995117187500e-01
203 -1.897216796875e+00 +2.302246093750e-01 -1.999023437500e+00 +9.997558593750e-01
204 -1.895996093750e+00 +2.313232421875e-01 -1.999511718750e+00 +9.998779296875e-01
205 -1.896240234375e+00 +2.314453125000e-01 -1.998535156250e+00 +9.996337890625e-01
206 -1.898437500000e+00 +2.314453125000e-01 -1.997558593750e+00 +9.993896484375e-01
207 -1.896728515625e+00 +2.316894531250e-01 -1.995117187500e+00 +9.987792968750e-01
208 -1.898925781250e+00 +2.346191406250e-01 -1.998046875000e+00 +9.995117187500e-01
209 -1.900146484375e+00 +2.348632812500e-01 -1.999511718750e+00 +9.998779296875e-01
210 -1.900146484375e+00 +2.349853515625e-01 -1.999511718750e+00 +9.998779296875e-01
211 -1.897705078125e+00 +2.348632812500e-01 -1.998046875000e+00 +9.995117187500e-01
212 -1.901855468750e+00 +2.382812500000e-01 -1.996582031250e+00 +9.991455078125e-01
213 -1.905761718750e+00 +2.431640625000e-01 -1.995849609375e+00 +9.989013671875e-01
214 -1.906494140625e+00 +2.431640625000e-01 -1.998046875000e+00 +9.995117187500e-01
215 -1.904296875000e+00 +2.429199218750e-01 -1.998535156250e+00 +9.996337890625e-01
216 -1.905761718750e+00 +2.449951171875e-01 -1.995117187500e+00 +9.987792968750e-01
217 -1.906005859375e+00 +2.443847656250e-01 -1.998046875000e+00 +9.995117187500e-01
218 -1.906982421875e+00 +2.446289062500e-01 -1.998046875000e+00 +9.995117187500e-01
219 -1.906250000000e+00 +2.442626953125e-01 -1.995849609375e+00 +9.989013671875e-01
220 -1.906494140625e+00 +2.452392578125e-01 -1.998046875000e+00 +9.995117187500e-01
221 -1.906982421875e+00 +2.470703125000e-01 -1.998046875000e+00 +9.995117187500e-01
222 -1.905761718750e+00 +2.474365234375e-01 -1.997314453125e+00 +9.992675781250e-01
223 -1.904541015625e+00 +2.478027343750e-01 -1.998046875000e+00 +9.995117187500e-01
224 -1.905029296875e+00 +2.471923828125e-01 -1.998046875000e+00 +9.995117187500e-01
225 -1.906005859375e+00 +2.469482421875e-01 -1.997070312500e+00 +9.992675781250e-01
226 -1.909912109375e+00 +2.484130859375e-01 -1.996582031250e+00 +9.991455078125e-01
227 -1.912597656250e+00 +2.482910156250e-01 -1.996582031250e+00 +9.991455078125e-01
228 -1.910888671875e+00 +2.479248046875e-01 -1.997314453125e+00 +9.992675781250e-01
229 -1.905273437500e+00 +2.462158203125e-01 -1.997314453125e+00 +9.992675781250e-01
230 -1.908935546875e+00 +2.486572265625e-01 -1.997070312500e+00 +9.992675781250e-01
231 -1.909912109375e+00 +2.482910156250e-01 -1.997558593750e+00 +9.993896484375e-01
232 -1.907226562500e+00 +2.485351562500e-01 -1.996582031250e+00 +9.991455078125e-01
233 -1.909179687500e+00 +2.445068359375e-01 -1.997558593750e+00 +9.993896484375e-01
234 -1.911621093750e+00 +2.468261718750e-01 -1.997558593750e+00 +9.993896484375e-01
235 -1.912353515625e+00 +2.485351562500e-01 -1.995605468750e+00 +9.989013671875e-01
236 -1.910400390625e+00 +2.462158203125e-01 -1.998046875000e+00 +9.995117187500e-01
237 -1.910644531250e+00 +2.465820312500e-01 -1.998046875000e+00 +9.995117187500e-01
238 -1.911865234375e+00 +2.484130859375e-01 -1.994628906250e+00 +9.986572265625e-01
239 -1.915283203125e+00 +2.515869140625e-01 -1.994628906250e+00 +9.986572265625e-01
240 -1.915771484375e+00 +2.517089843750e-01 -1.993652343750e+00 +9.984130859375e-01
241 -1.912841796875e+00 +2.491455078125e-01 -1.997558593750e+00 +9.992675781250e-01
242 -1.912353515625e+00 +2.497558593750e-01 -1.997070312500e+00 +9.991455078125e-01
243 -1.911376953125e+00 +2.492675781250e-01 -1.995605468750e+00 +9.989013671875e-01
244 -1.913574218750e+00 +2.481689453125e-01 -1.995849609375e+00 +9.989013671875e-01
245 -1.914062500000e+00 +2.447509765625e-01 -1.996826171875e+00 +9.991455078125e-01
246 -1.912841796875e+00 +2.451171875000e-01 -1.997070312500e+00 +9.992675781250e-01
247 -1.913330078125e+00 +2.453613281250e-01 -1.998046875000e+00 +9.995117187500e-01
248 -1.913085937500e+00 +2.449951171875e-01 -1.996582031250e+00 +9.991455078125e-01
249 -1.913574218750e+00 +2.448730468750e-01 -1.997558593750e+00 +9.993896484375e-01
250 -1.911865234375e+00 +2.413330078125e-01 -1.995849609375e+00 +9.989013671875e-01
251 -1.912353515625e+00 +2.412109375000e-01 -1.997070312500e+00 +9.992675781250e-01
252 -1.912597656250e+00 +2.436523437500e-01 -1.997558593750e+00 +9.993896484375e-01
253 -1.914062500000e+00 +2.441406250000e-01 -1.996582031250e+00 +9.991455078125e-01
254 -1.914062500000e+00 +2.447509765625e-01 -1.998046875000e+00 +9.995117187500e-01
255 -1.913574218750e+00 +2.452392578125e-01 -1.999023437500e+00 +9.997558593750e-01
256 -1.913818359375e+00 +2.424316406250e-01 -1.996826171875e+00 +9.991455078125e-01
257 -1.916503906250e+00 +2.416992187500e-01 -1.998046875000e+00 +9.995117187500e-01
258 -1.916748046875e+00 +2.415771484375e-01 -1.996582031250e+00 +9.991455078125e-01
259 -1.915771484375e+00 +2.420654296875e-01 -1.997070312500e+00 +9.992675781250e-01
260 -1.916503906250e+00 +2.415771484375e-01 -1.997070312500e+00 +9.992675781250e-01
261 -1.917724609375e+00 +2.419433593750e-01 -1.997558593750e+00 +9.993896484375e-01
262 -1.915771484375e+00 +2.418212890625e-01 -1.999023437500e+00 +9.997558593750e-01
263 -1.917480468750e+00 +2.423095703125e-01 -1.996582031250e+00 +9.990234375000e-01
264 -1.918457031250e+00 +2.423095703125e-01 -1.998046875000e+00 +9.995117187500e-01
265 -1.917724609375e+00 +2.427978515625e-01 -1.997558593750e+00 +9.993896484375e-01
266 -1.917968750000e+00 +2.427978515625e-01 -1.997558593750e+00 +9.993896484375e-01
267 -1.917480468750e+00 +2.424316406250e-01 -1.997070312500e+00 +9.992675781250e-01
268 -1.917968750000e+00 +2.425537109375e-01 -1.997070312500e+00 +9.992675781250e-01
269 -1.916015625000e+00 +2.413330078125e-01 -1.996826171875e+00 +9.991455078125e-01
270 -1.915771484375e+00 +2.447509765625e-01 -1.995605468750e+00 +9.989013671875e-01
271 -1.914306640625e+00 +2.441406250000e-01 -1.999023437500e+00 +9.997558593750e-01
272 -1.914794921875e+00 +2.446289062500e-01 -1.999511718750e+00 +9.998779296875e-01
273 -1.916503906250e+00 +2.473144531250e-01 -1.998046875000e+00 +9.995117187500e-01
274 -1.915527343750e+00 +2.452392578125e-01 -1.997070312500e+00 +9.992675781250e-01
275 -1.915039062500e+00 +2.451171875000e-01 -1.996582031250e+00 +9.991455078125e-01
276 -1.916259765625e+00 +2.447509765625e-01 -1.997558593750e+00 +9.993896484375e-01
277 -1.914062500000e+00 +2.437744140625e-01 -1.997070312500e+00 +9.992675781250e-01
278 -1.913330078125e+00 +2.410888671875e-01 -1.998535156250e+00 +9.996337890625e-01
279 -1.915039062500e+00 +2.419433593750e-01 -1.997558593750e+00 +9.993896484375e-01
280 -1.919433593750e+00 +2.432861328125e-01 -1.998535156250e+00 +9.996337890625e-01
281 -1.918701171875e+00 +2.427978515625e-01 -1.999023437500e+00 +9.997558593750e-01
282 -1.920654296875e+00 +2.423095703125e-01 -1.999023437500e+00 +9.997558593750e-01
283 -1.916992187500e+00 +2.440185546875e-01 -1.998535156250e+00 +9.996337890625e-01
284 -1.919677734375e+00 +2.480468750000e-01 -1.996093750000e+00 +9.990234375000e-01
285 -1.920410156250e+00 +2.480468750000e-01 -1.995605468750e+00 +9.989013671875e-01
286 -1.920410156250e+00 +2.479248046875e-01 -1.995605468750e+00 +9.989013671875e-01
287 -1.917724609375e+00 +2.459716796875e-01 -1.997558593750e+00 +9.993896484375e-01
288 -1.919677734375e+00 +2.464599609375e-01 -1.997070312500e+00 +9.992675781250e-01
289 -1.918945312500e+00 +2.491455078125e-01 -1.996093750000e+00 +9.990234375000e-01
290 -1.919433593750e+00 +2.463378906250e-01 -1.997070312500e+00 +9.992675781250e-01
291 -1.920410156250e+00 +2.467041015625e-01 -1.997558593750e+00 +9.993896484375e-01
292 -1.918701171875e+00 +2.465820312500e-01 -1.997070312500e+00 +9.992675781250e-01
293 -1.919677734375e+00 +2.471923828125e-01 -1.997558593750e+00 +9.993896484375e-01
294 -1.920410156250e+00 +2.467041015625e-01 -1.996582031250e+00 +9.991455078125e-01
295 -1.921386718750e+00 +2.475585937500e-01 -1.995605468750e+00 +9.989013671875e-01
296 -1.920410156250e+00 +2.467041015625e-01 -1.997070312500e+00 +9.992675781250e-01
297 -1.920654296875e+00 +2.474365234375e-01 -1.998046875000e+00 +9.995117187500e-01
298 -1.919677734375e+00 +2.430419921875e-01 -1.996093750000e+00 +9.990234375000e-01
299 -1.919677734375e+00 +2.427978515625e-01 -1.998535156250e+00 +9.996337890625e-01
300 -1.925292968750e+00 +2.396240234375e-01 -1.997558593750e+00 +9.993896484375e-01
301 -1.925537109375e+00 +2.398681640625e-01 -1.996093750000e+00 +9.990234375000e-01
302 -1.926025390625e+00 +2.395019531250e-01 -1.995117187500e+00 +9.987792968750e-01
303 -1.925537109375e+00 +2.446289062500e-01 -1.995605468750e+00 +9.989013671875e-01
304 -1.925048828125e+00 +2.449951171875e-01 -1.996093750000e+00 +9.990234375000e-01
305 -1.923095703125e+00 +2.446289062500e-01 -1.995605468750e+00 +9.989013671875e-01
306 -1.927734375000e+00 +2.513427734375e-01 -1.996582031250e+00 +9.991455078125e-01
307 -1.925048828125e+00 +2.514648437500e-01 -1.995605468750e+00 +9.989013671875e-01
308 -1.920654296875e+00 +2.512207031250e-01 -1.998779296875e+00 +9.996337890625e-01
309 -1.920898437500e+00 +2.509765625000e-01 -1.998535156250e+00 +9.996337890625e-01
310 -1.923583984375e+00 +2.580566406250e-01 -1.999023437500e+00 +9.997558593750e-01
311 -1.924560546875e+00 +2.639160156250e-01 -1.997558593750e+00 +9.993896484375e-01
312 -1.928710937500e+00 +2.614746093750e-01 -1.998535156250e+00 +9.996337890625e-01
313 -1.929199218750e+00 +2.614746093750e-01 -1.997070312500e+00 +9.992675781250e-01
314 -1.929199218750e+00 +2.623291015625e-01 -1.997314453125e+00 +9.992675781250e-01
315 -1.929931640625e+00 +2.634277343750e-01 -1.997802734375e+00 +9.993896484375e-01
316 -1.924804687500e+00 +2.602539062500e-01 -1.996582031250e+00 +9.991455078125e-01
317 -1.927246093750e+00 +2.633056640625e-01 -1.997558593750e+00 +9.993896484375e-01
318 -1.927490234375e+00 +2.629394531250e-01 -1.997558593750e+00 +9.993896484375e-01
319 -1.928466796875e+00 +2.664794921875e-01 -1.997802734375e+00 +9.993896484375e-01
320 -1.927978515625e+00 +2.667236328125e-01 -1.997558593750e+00 +9.993896484375e-01
321 -1.928222656250e+00 +2.670898437500e-01 -1.996337890625e+00 +9.990234375000e-01
322 -1.926513671875e+00 +2.667236328125e-01 -1.997070312500e+00 +9.992675781250e-01
323 -1.927490234375e+00 +2.626953125000e-01 -1.996826171875e+00 +9.991455078125e-01
324 -1.928466796875e+00 +2.686767578125e-01 -1.997558593750e+00 +9.993896484375e-01
325 -1.930664062500e+00 +2.687988281250e-01 -1.998046875000e+00 +9.995117187500e-01
326 -1.927001953125e+00 +2.770996093750e-01 -1.997558593750e+00 +9.993896484375e-01
327 -1.927490234375e+00 +2.691650390625e-01 -1.994628906250e+00 +9.986572265625e-01
328 -1.929443359375e+00 +2.789306640625e-01 -1.996582031250e+00 +9.991455078125e-01
329 -1.927978515625e+00 +2.786865234375e-01 -1.994140625000e+00 +9.985351562500e-01
330 -1.929443359375e+00 +2.792968750000e-01 -1.997070312500e+00 +9.992675781250e-01
331 -1.928955078125e+00 +2.797851562500e-01 -1.997558593750e+00 +9.993896484375e-01
332 -1.925781250000e+00 +2.727050781250e-01 -1.997070312500e+00 +9.992675781250e-01
333 -1.925048828125e+00 +2.729492187500e-01 -1.997314453125e+00 +9.992675781250e-01
334 -1.927001953125e+00 +2.683105468750e-01 -1.996582031250e+00 +9.991455078125e-01
335 -1.928222656250e+00 +2.684326171875e-01 -1.998046875000e+00 +9.995117187500e-01
336 -1.929199218750e+00 +2.683105468750e-01 -1.996826171875e+00 +9.991455078125e-01
337 -1.927490234375e+00 +2.749023437500e-01 -1.996582031250e+00 +9.991455078125e-01
338 -1.928222656250e+00 +2.750244140625e-01 -1.997070312500e+00 +9.992675781250e-01
339 -1.927001953125e+00 +2.750244140625e-01 -1.999023437500e+00 +9.997558593750e-01
340 -1.927734375000e+00 +2.749023437500e-01 -1.998046875000e+00 +9.995117187500e-01
341 -1.926757812500e+00 +2.755126953125e-01 -1.997558593750e+00 +9.993896484375e-01
342 -1.927734375000e+00 +2.823486328125e-01 -1.997802734375e+00 +9.993896484375e-01
343 -1.928955078125e+00 +2.822265625000e-01 -1.996582031250e+00 +9.991455078125e-01
344 -1.929687500000e+00 +2.823486328125e-01 -1.999023437500e+00 +9.997558593750e-01
345 -1.927978515625e+00 +2.825927734375e-01 -1.996093750000e+00 +9.990234375000e-01
346 -1.927734375000e+00 +2.822265625000e-01 -1.997558593750e+00 +9.993896484375e-01
347 -1.928710937500e+00 +2.813720703125e-01 -1.997558593750e+00 +9.993896484375e-01
348 -1.927734375000e+00 +2.812500000000e-01 -1.997070312500e+00 +9.992675781250e-01
349 -1.930908203125e+00 +2.758789062500e-01 -1.994873046875e+00 +9.986572265625e-01
350 -1.929443359375e+00 +2.760009765625e-01 -1.998535156250e+00 +9.996337890625e-01
351 -1.927734375000e+00 +2.812500000000e-01 -1.998535156250e+00 +9.996337890625e-01
352 -1.929443359375e+00 +2.753906250000e-01 -1.997558593750e+00 +9.993896484375e-01
353 -1.924804687500e+00 +2.827148437500e-01 -1.997558593750e+00 +9.993896484375e-01
354 -1.925781250000e+00 +2.828369140625e-01 -1.998535156250e+00 +9.996337890625e-01
355 -1.924316406250e+00 +2.769775390625e-01 -1.998535156250e+00 +9.996337890625e-01
356 -1.924804687500e+00 +2.825927734375e-01 -1.998046875000e+00 +9.995117187500e-01
357 -1.927734375000e+00 +2.891845703125e-01 -1.995605468750e+00 +9.989013671875e-01
358 -1.928710937500e+00 +2.896728515625e-01 -1.995605468750e+00 +9.989013671875e-01
359 -1.929687500000e+00 +2.908935546875e-01 -1.999023437500e+00 +9.997558593750e-01
360 -1.927978515625e+00 +2.915039062500e-01 -2.000000000000e+00 +1.000000000000e+00
361 -1.929199218750e+00 +2.910156250000e-01 -1.999023437500e+00 +9.997558593750e-01
362 -1.928710937500e+00 +2.912597656250e-01 -1.998046875000e+00 +9.995117187500e-01
363 -1.929443359375e+00 +2.907714843750e-01 -1.997558593750e+00 +9.993896484375e-01
364 -1.927734375000e+00 +2.830810546875e-01 -1.997558593750e+00 +9.993896484375e-01
365 -1.928710937500e+00 +2.834472656250e-01 -1.995605468750e+00 +9.987792968750e-01
366 -1.930908203125e+00 +2.889404296875e-01 -1.998046875000e+00 +9.995117187500e-01
367 -1.931884765625e+00 +2.845458984375e-01 -1.998046875000e+00 +9.995117187500e-01
368 -1.929931640625e+00 +2.814941406250e-01 -1.997558593750e+00 +9.993896484375e-01
369 -1.927734375000e+00 +2.794189453125e-01 -1.999023437500e+00 +9.997558593750e-01
370 -1.927734375000e+00 +2.784423828125e-01 -1.999511718750e+00 +9.998779296875e-01
371 -1.931152343750e+00 +2.812500000000e-01 -1.997314453125e+00 +9.992675781250e-01
372 -1.928222656250e+00 +2.807617187500e-01 -1.997070312500e+00 +9.992675781250e-01
373 -1.930175781250e+00 +2.857666015625e-01 -1.996582031250e+00 +9.991455078125e-01
374 -1.928710937500e+00 +2.855224609375e-01 -1.997558593750e+00 +9.993896484375e-01
375 -1.928710937500e+00 +2.860107421875e-01 -1.997070312500e+00 +9.992675781250e-01
376 -1.927246093750e+00 +2.922363281250e-01 -1.995849609375e+00 +9.989013671875e-01
377 -1.928710937500e+00 +2.917480468750e-01 -1.999023437500e+00 +9.997558593750e-01
378 -1.928222656250e+00 +2.923583984375e-01 -1.998535156250e+00 +9.996337890625e-01
379 -1.930908203125e+00 +2.999267578125e-01 -1.998535156250e+00 +9.996337890625e-01
380 -1.932617187500e+00 +3.070068359375e-01 -1.996093750000e+00 +9.990234375000e-01
381 -1.933837890625e+00 +3.006591796875e-01 -1.997558593750e+00 +9.993896484375e-01
382 -1.929687500000e+00 +3.055419921875e-01 -1.998046875000e+00 +9.995117187500e-01
383 -1.931396484375e+00 +3.006591796875e-01 -1.998535156250e+00 +9.996337890625e-01
384 -1.929687500000e+00 +2.965087890625e-01 -1.996337890625e+00 +9.990234375000e-01
385 -1.930664062500e+00 +2.946777343750e-01 -1.997558593750e+00 +9.993896484375e-01
386 -1.930175781250e+00 +2.941894531250e-01 -1.995849609375e+00 +9.989013671875e-01
387 -1.933105468750e+00 +2.960205078125e-01 -1.997070312500e+00 +9.992675781250e-01
388 -1.931396484375e+00 +2.952880859375e-01 -1.995605468750e+00 +9.989013671875e-01
389 -1.929443359375e+00 +2.937011718750e-01 -1.995605468750e+00 +9.987792968750e-01
390 -1.933837890625e+00 +2.928466796875e-01 -1.997558593750e+00 +9.993896484375e-01
391 -1.932861328125e+00 +2.933349609375e-01 -1.994873046875e+00 +9.986572265625e-01
392 -1.933593750000e+00 +2.934570312500e-01 -1.999023437500e+00 +9.997558593750e-01
393 -1.933837890625e+00 +2.926025390625e-01 -1.996582031250e+00 +9.991455078125e-01
394 -1.932128906250e+00 +2.858886718750e-01 -1.993652343750e+00 +9.982910156250e-01
395 -1.933593750000e+00 +2.852783203125e-01 -1.996337890625e+00 +9.990234375000e-01
396 -1.936279296875e+00 +2.808837890625e-01 -1.995849609375e+00 +9.989013671875e-01
397 -1.935791015625e+00 +2.806396484375e-01 -1.997070312500e+00 +9.992675781250e-01
398 -1.937255859375e+00 +2.760009765625e-01 -1.998046875000e+00 +9.995117187500e-01
399 -1.937744140625e+00 +2.753906250000e-01 -1.996582031250e+00 +9.991455078125e-01
400 -1.937011718750e+00 +2.707519531250e-01 -1.995117187500e+00 +9.987792968750e-01
401 -1.937011718750e+00 +2.708740234375e-01 -1.993408203125e+00 +9.982910156250e-01
402 -1.937011718750e+00 +2.709960937500e-01 -1.994628906250e+00 +9.986572265625e-01
403 -1.935546875000e+00 +2.705078125000e-01 -1.996093750000e+00 +9.990234375000e-01
404 -1.936279296875e+00 +2.707519531250e-01 -1.996582031250e+00 +9.991455078125e-01
405 -1.936523437500e+00 +2.709960937500e-01 -1.998291015625e+00 +9.995117187500e-01
406 -1.935791015625e+00 +2.709960937500e-01 -1.999023437500e+00 +9.997558593750e-01
407 -1.937011718750e+00 +2.714843750000e-01 -1.997558593750e+00 +9.993896484375e-01
408 -1.937500000000e+00 +2.719726562500e-01 -1.997070312500e+00 +9.992675781250e-01
409 -1.938720703125e+00 +2.716064453125e-01 -1.997070312500e+00 +9.992675781250e-01
410 -1.936767578125e+00 +2.622070312500e-01 -1.997558593750e+00 +9.993896484375e-01
411 -1.936767578125e+00 +2.615966796875e-01 -1.997070312500e+00 +9.992675781250e-01
412 -1.935302734375e+00 +2.543945312500e-01 -1.997070312500e+00 +9.992675781250e-01
413 -1.937011718750e+00 +2.602539062500e-01 -1.997558593750e+00 +9.993896484375e-01
414 -1.938476562500e+00 +2.668457031250e-01 -1.997070312500e+00 +9.992675781250e-01
415 -1.937988281250e+00 +2.667236328125e-01 -1.996582031250e+00 +9.991455078125e-01
416 -1.938232421875e+00 +2.668457031250e-01 -1.996093750000e+00 +9.990234375000e-01
417 -1.937744140625e+00 +2.667236328125e-01 -1.997070312500e+00 +9.992675781250e-01
418 -1.937988281250e+00 +2.728271484375e-01 -1.997314453125e+00 +9.992675781250e-01
419 -1.938476562500e+00 +2.731933593750e-01 -1.998291015625e+00 +9.995117187500e-01
420 -1.936523437500e+00 +2.805175781250e-01 -1.999023437500e+00 +9.997558593750e-01
421 -1.936523437500e+00 +2.813720703125e-01 -1.998046875000e+00 +9.995117187500e-01
422 -1.938232421875e+00 +2.741699218750e-01 -1.999023437500e+00 +9.997558593750e-01
423 -1.938720703125e+00 +2.698974609375e-01 -1.997070312500e+00 +9.992675781250e-01
424 -1.938232421875e+00 +2.651367187500e-01 -1.998046875000e+00 +9.995117187500e-01
425 -1.938720703125e+00 +2.701416015625e-01 -1.997558593750e+00 +9.993896484375e-01
426 -1.938720703125e+00 +2.657470703125e-01 -1.995605468750e+00 +9.989013671875e-01
427 -1.937988281250e+00 +2.653808593750e-01 -1.997070312500e+00 +9.992675781250e-01
428 -1.939453125000e+00 +2.650146484375e-01 -1.999023437500e+00 +9.997558593750e-01
429 -1.938232421875e+00 +2.646484375000e-01 -1.998046875000e+00 +9.995117187500e-01
430 -1.937744140625e+00 +2.642822265625e-01 -1.998535156250e+00 +9.996337890625e-01
431 -1.940917968750e+00 +2.681884765625e-01 -1.997070312500e+00 +9.992675781250e-01
432 -1.936767578125e+00 +2.624511718750e-01 -1.999023437500e+00 +9.997558593750e-01
433 -1.936279296875e+00 +2.680664062500e-01 -1.999023437500e+00 +9.997558593750e-01
434 -1.939697265625e+00 +2.749023437500e-01 -1.998046875000e+00 +9.995117187500e-01
435 -1.940185546875e+00 +2.800292968750e-01 -1.997558593750e+00 +9.993896484375e-01
436 -1.934814453125e+00 +2.747802734375e-01 -1.997558593750e+00 +9.993896484375e-01
437 -1.938476562500e+00 +2.794189453125e-01 -1.997070312500e+00 +9.992675781250e-01
438 -1.937744140625e+00 +2.845458984375e-01 -1.997070312500e+00 +9.992675781250e-01
439 -1.939697265625e+00 +2.846679687500e-01 -1.997558593750e+00 +9.993896484375e-01
440 -1.938476562500e+00 +2.841796875000e-01 -1.995361328125e+00 +9.987792968750e-01
441 -1.933105468750e+00 +2.783203125000e-01 -1.997070312500e+00 +9.992675781250e-01
442 -1.939453125000e+00 +2.762451171875e-01 -1.996582031250e+00 +9.991455078125e-01
443 -1.937744140625e+00 +2.778320312500e-01 -1.996582031250e+00 +9.991455078125e-01
444 -1.939697265625e+00 +2.789306640625e-01 -1.995605468750e+00 +9.989013671875e-01
445 -1.939208984375e+00 +2.788085937500e-01 -1.997558593750e+00 +9.993896484375e-01
446 -1.938720703125e+00 +2.783203125000e-01 -1.997558593750e+00 +9.993896484375e-01
447 -1.940185546875e+00 +2.786865234375e-01 -1.997558593750e+00 +9.993896484375e-01
448 -1.937744140625e+00 +2.795410156250e-01 -1.997070312500e+00 +9.992675781250e-01
449 -1.938476562500e+00 +2.817382812500e-01 -1.996582031250e+00 +9.991455078125e-01
450 -1.935546875000e+00 +2.821044921875e-01 -1.997802734375e+00 +9.993896484375e-01
451 -1.936767578125e+00 +2.807617187500e-01 -1.997070312500e+00 +9.992675781250e-01
452 -1.935546875000e+00 +2.813720703125e-01 -1.997558593750e+00 +9.992675781250e-01
453 -1.937255859375e+00 +2.816162109375e-01 -1.997070312500e+00 +9.991455078125e-01
454 -1.937255859375e+00 +2.810058593750e-01 -1.994873046875e+00 +9.985351562500e-01
455 -1.938232421875e+00 +2.766113281250e-01 -1.997314453125e+00 +9.992675781250e-01
456 -1.939453125000e+00 +2.724609375000e-01 -1.997070312500e+00 +9.992675781250e-01
457 -1.937988281250e+00 +2.725830078125e-01 -1.995605468750e+00 +9.989013671875e-01
458 -1.937988281250e+00 +2.777099609375e-01 -1.996582031250e+00 +9.991455078125e-01
459 -1.937255859375e+00 +2.773437500000e-01 -1.997070312500e+00 +9.992675781250e-01
460 -1.937988281250e+00 +2.742919921875e-01 -1.998291015625e+00 +9.995117187500e-01
461 -1.939697265625e+00 +2.744140625000e-01 -1.998535156250e+00 +9.996337890625e-01
462 -1.938964843750e+00 +2.745361328125e-01 -1.999023437500e+00 +9.997558593750e-01
463 -1.939453125000e+00 +2.708740234375e-01 -1.998535156250e+00 +9.996337890625e-01
464 -1.937500000000e+00 +2.742919921875e-01 -1.998046875000e+00 +9.995117187500e-01
465 -1.940185546875e+00 +2.797851562500e-01 -1.995605468750e+00 +9.989013671875e-01
466 -1.939697265625e+00 +2.799072265625e-01 -1.998535156250e+00 +9.996337890625e-01
467 -1.939941406250e+00 +2.803955078125e-01 -1.999023437500e+00 +9.997558593750e-01
468 -1.938476562500e+00 +2.855224609375e-01 -1.996582031250e+00 +9.991455078125e-01
469 -1.940185546875e+00 +2.860107421875e-01 -1.997558593750e+00 +9.993896484375e-01
470 -1.937988281250e+00 +2.858886718750e-01 -1.998046875000e+00 +9.995117187500e-01
471 -1.938720703125e+00 +2.852783203125e-01 -1.997070312500e+00 +9.992675781250e-01
472 -1.936035156250e+00 +2.847900390625e-01 -1.996093750000e+00 +9.990234375000e-01
473 -1.936523437500e+00 +2.789306640625e-01 -1.995605468750e+00 +9.989013671875e-01
474 -1.938232421875e+00 +2.862548828125e-01 -1.998535156250e+00 +9.996337890625e-01
475 -1.937988281250e+00 +2.849121093750e-01 -1.995361328125e+00 +9.987792968750e-01
476 -1.937988281250e+00 +2.854003906250e-01 -1.998046875000e+00 +9.995117187500e-01
477 -1.936767578125e+00 +2.790527343750e-01 -1.998046875000e+00 +9.995117187500e-01
478 -1.937011718750e+00 +2.790527343750e-01 -1.997558593750e+00 +9.993896484375e-01
479 -1.939941406250e+00 +2.836914062500e-01 -1.997558593750e+00 +9.993896484375e-01
480 -1.939697265625e+00 +2.836914062500e-01 -1.996337890625e+00 +9.990234375000e-01
481 -1.938476562500e+00 +2.797851562500e-01 -1.997558593750e+00 +9.993896484375e-01
482 -1.937500000000e+00 +2.773437500000e-01 -1.997558593750e+00 +9.993896484375e-01
483 -1.939453125000e+00 +2.742919921875e-01 -1.998046875000e+00 +9.995117187500e-01
484 -1.937011718750e+00 +2.691650390625e-01 -1.996582031250e+00 +9.991455078125e-01
485 -1.938720703125e+00 +2.740478515625e-01 -1.996093750000e+00 +9.990234375000e-01
486 -1.938476562500e+00 +2.777099609375e-01 -1.996337890625e+00 +9.990234375000e-01
487 -1.937255859375e+00 +2.730712890625e-01 -1.996582031250e+00 +9.991455078125e-01
488 -1.940917968750e+00 +2.763671875000e-01 -1.997558593750e+00 +9.993896484375e-01
489 -1.940185546875e+00 +2.768554687500e-01 -1.997558593750e+00 +9.993896484375e-01
490 -1.939453125000e+00 +2.773437500000e-01 -1.996093750000e+00 +9.990234375000e-01
491 -1.940429687500e+00 +2.755126953125e-01 -1.999023437500e+00 +9.997558593750e-01
492 -1.939453125000e+00 +2.758789062500e-01 -1.998535156250e+00 +9.996337890625e-01
493 -1.937255859375e+00 +2.755126953125e-01 -1.995849609375e+00 +9.989013671875e-01
494 -1.941162109375e+00 +2.786865234375e-01 -1.997070312500e+00 +9.992675781250e-01
495 -1.940185546875e+00 +2.780761718750e-01 -1.995849609375e+00 +9.989013671875e-01
496 -1.940185546875e+00 +2.697753906250e-01 -1.997558593750e+00 +9.993896484375e-01
497 -1.939697265625e+00 +2.618408203125e-01 -1.998046875000e+00 +9.995117187500e-01
498 -1.939697265625e+00 +2.613525390625e-01 -1.996582031250e+00 +9.991455078125e-01
499 -1.941162109375e+00 +2.557373046875e-01 -1.995849609375e+00 +9.989013671875e-01
500 -1.941894531250e+00 +2.562255859375e-01 -1.996337890625e+00 +9.990234375000e-01
501 -1.941162109375e+00 +2.561035156250e-01 -1.995117187500e+00 +9.987792968750e-01
502 -1.942138671875e+00 +2.567138671875e-01 -1.998535156250e+00 +9.996337890625e-01
503 -1.940185546875e+00 +2.486572265625e-01 -1.999511718750e+00 +9.998779296875e-01
504 -1.939453125000e+00 +2.487792968750e-01 -1.995849609375e+00 +9.989013671875e-01
505 -1.939941406250e+00 +2.486572265625e-01 -1.995849609375e+00 +9.989013671875e-01
506 -1.939453125000e+00 +2.482910156250e-01 -1.996337890625e+00 +9.990234375000e-01
507 -1.939697265625e+00 +2.486572265625e-01 -1.997314453125e+00 +9.992675781250e-01
508 -1.940429687500e+00 +2.482910156250e-01 -1.994873046875e+00 +9.986572265625e-01
509 -1.939697265625e+00 +2.515869140625e-01 -1.995849609375e+00 +9.987792968750e-01
510 -1.940673828125e+00 +2.515869140625e-01 -1.996582031250e+00 +9.990234375000e-01
511 -1.937500000000e+00 +2.514648437500e-01 -1.996826171875e+00 +9.991455078125e-01
512 -1.937255859375e+00 +2.526855468750e-01 -1.998046875000e+00 +9.995117187500e-01
513 -1.937988281250e+00 +2.520751953125e-01 -1.997558593750e+00 +9.993896484375e-01
514 -1.937744140625e+00 +2.568359375000e-01 -1.996582031250e+00 +9.991455078125e-01
515 -1.939208984375e+00 +2.622070312500e-01 -1.998046875000e+00 +9.995117187500e-01
516 -1.938232421875e+00 +2.625732421875e-01 -1.996093750000e+00 +9.990234375000e-01
517 -1.938964843750e+00 +2.563476562500e-01 -1.996826171875e+00 +9.991455078125e-01
518 -1.936523437500e+00 +2.622070312500e-01 -1.996093750000e+00 +9.990234375000e-01
519 -1.937500000000e+00 +2.662353515625e-01 -1.997070312500e+00 +9.992675781250e-01
520 -1.939208984375e+00 +2.618408203125e-01 -1.998046875000e+00 +9.995117187500e-01
521 -1.939697265625e+00 +2.681884765625e-01 -1.997802734375e+00 +9.993896484375e-01
522 -1.938720703125e+00 +2.683105468750e-01 -1.997314453125e+00 +9.992675781250e-01
523 -1.938964843750e+00 +2.727050781250e-01 -1.995361328125e+00 +9.987792968750e-01
524 -1.938476562500e+00 +2.770996093750e-01 -1.994628906250e+00 +9.986572265625e-01
525 -1.939941406250e+00 +2.825927734375e-01 -1.996337890625e+00 +9.990234375000e-01
526 -1.940185546875e+00 +2.763671875000e-01 -1.995361328125e+00 +9.987792968750e-01
527 -1.940673828125e+00 +2.824707031250e-01 -1.996582031250e+00 +9.991455078125e-01
528 -1.939941406250e+00 +2.834472656250e-01 -1.995605468750e+00 +9.989013671875e-01
529 -1.940673828125e+00 +2.814941406250e-01 -1.997314453125e+00 +9.992675781250e-01
530 -1.941406250000e+00 +2.778320312500e-01 -1.996582031250e+00 +9.991455078125e-01
531 -1.938720703125e+00 +2.803955078125e-01 -1.998046875000e+00 +9.995117187500e-01
532 -1.941650390625e+00 +2.773437500000e-01 -1.996582031250e+00 +9.991455078125e-01
533 -1.939697265625e+00 +2.775878906250e-01 -1.996093750000e+00 +9.990234375000e-01
534 -1.939208984375e+00 +2.747802734375e-01 -1.996582031250e+00 +9.991455078125e-01
535 -1.938232421875e+00 +2.707519531250e-01 -1.998046875000e+00 +9.995117187500e-01
536 -1.937988281250e+00 +2.716064453125e-01 -1.996582031250e+00 +9.991455078125e-01
537 -1.941406250000e+00 +2.788085937500e-01 -1.996826171875e+00 +9.991455078125e-01
538 -1.941406250000e+00 +2.724609375000e-01 -1.996093750000e+00 +9.990234375000e-01
539 -1.940673828125e+00 +2.786865234375e-01 -1.999511718750e+00 +9.998779296875e-01
540 -1.939453125000e+00 +2.775878906250e-01 -1.999023437500e+00 +9.997558593750e-01
541 -1.938964843750e+00 +2.779541015625e-01 -1.999023437500e+00 +9.997558593750e-01
542 -1.938720703125e+00 +2.741699218750e-01 -1.996582031250e+00 +9.991455078125e-01
543 -1.938720703125e+00 +2.736816406250e-01 -1.996093750000e+00 +9.990234375000e-01
544 -1.941406250000e+00 +2.786865234375e-01 -1.995605468750e+00 +9.989013671875e-01
545 -1.941406250000e+00 +2.791748046875e-01 -1.995849609375e+00 +9.989013671875e-01
546 -1.941894531250e+00 +2.851562500000e-01 -1.997314453125e+00 +9.992675781250e-01
547 -1.939208984375e+00 +2.854003906250e-01 -1.998046875000e+00 +9.995117187500e-01
548 -1.937988281250e+00 +2.900390625000e-01 -1.997558593750e+00 +9.993896484375e-01
549 -1.937255859375e+00 +2.917480468750e-01 -1.996826171875e+00 +9.991455078125e-01
550 -1.940429687500e+00 +2.922363281250e-01 -1.997070312500e+00 +9.992675781250e-01
551 -1.941162109375e+00 +2.926025390625e-01 -1.998535156250e+00 +9.996337890625e-01
552 -1.940185546875e+00 +2.949218750000e-01 -1.999023437500e+00 +9.997558593750e-01
553 -1.942871093750e+00 +2.971191406250e-01 -1.998535156250e+00 +9.996337890625e-01
554 -1.940185546875e+00 +3.020019531250e-01 -1.998046875000e+00 +9.995117187500e-01
555 -1.941650390625e+00 +3.022460937500e-01 -1.997070312500e+00 +9.992675781250e-01
556 -1.943359375000e+00 +3.065185546875e-01 -1.996582031250e+00 +9.991455078125e-01
557 -1.940917968750e+00 +3.007812500000e-01 -1.996582031250e+00 +9.991455078125e-01
558 -1.940917968750e+00 +3.007812500000e-01 -1.998046875000e+00 +9.995117187500e-01
559 -1.940673828125e+00 +3.052978515625e-01 -1.997558593750e+00 +9.993896484375e-01
560 -1.940673828125e+00 +3.055419921875e-01 -1.996582031250e+00 +9.991455078125e-01
561 -1.939941406250e+00 +3.032226562500e-01 -1.997070312500e+00 +9.992675781250e-01
562 -1.940917968750e+00 +3.032226562500e-01 -1.997558593750e+00 +9.992675781250e-01
563 -1.940185546875e+00 +3.029785156250e-01 -1.996582031250e+00 +9.991455078125e-01
564 -1.940673828125e+00 +3.026123046875e-01 -1.996337890625e+00 +9.990234375000e-01
565 -1.943115234375e+00 +3.078613281250e-01 -1.994628906250e+00 +9.984130859375e-01
566 -1.942626953125e+00 +3.009033203125e-01 -1.996582031250e+00 +9.991455078125e-01
567 -1.940429687500e+00 +3.007812500000e-01 -1.997070312500e+00 +9.992675781250e-01
568 -1.939697265625e+00 +3.009033203125e-01 -1.995605468750e+00 +9.989013671875e-01
569 -1.939941406250e+00 +3.081054687500e-01 -1.996337890625e+00 +9.990234375000e-01
570 -1.940185546875e+00 +3.005371093750e-01 -1.995605468750e+00 +9.989013671875e-01
571 -1.942138671875e+00 +3.010253906250e-01 -1.994628906250e+00 +9.986572265625e-01
572 -1.942138671875e+00 +3.062744140625e-01 -1.994628906250e+00 +9.986572265625e-01
573 -1.941650390625e+00 +3.104248046875e-01 -1.995117187500e+00 +9.987792968750e-01
574 -1.939697265625e+00 +3.133544921875e-01 -1.997558593750e+00 +9.993896484375e-01
575 -1.938476562500e+00 +3.128662109375e-01 -1.997558593750e+00 +9.993896484375e-01
576 -1.939941406250e+00 +3.125000000000e-01 -1.997558593750e+00 +9.993896484375e-01
577 -1.940917968750e+00 +3.166503906250e-01 -1.999023437500e+00 +9.997558593750e-01
578 -1.941162109375e+00 +3.111572265625e-01 -2.000000000000e+00 +1.000000000000e+00
579 -1.940185546875e+00 +3.160400390625e-01 -1.998046875000e+00 +9.995117187500e-01
580 -1.940673828125e+00 +3.159179687500e-01 -1.996582031250e+00 +9.991455078125e-01
581 -1.938232421875e+00 +3.159179687500e-01 -1.996093750000e+00 +9.990234375000e-01
582 -1.940673828125e+00 +3.122558593750e-01 -1.995117187500e+00 +9.987792968750e-01
583 -1.941406250000e+00 +3.121337890625e-01 -1.997314453125e+00 +9.992675781250e-01
584 -1.941650390625e+00 +3.109130859375e-01 -1.997558593750e+00 +9.993896484375e-01
585 -1.941650390625e+00 +3.060302734375e-01 -1.996582031250e+00 +9.991455078125e-01
586 -1.939941406250e+00 +3.094482421875e-01 -1.997558593750e+00 +9.993896484375e-01
587 -1.938476562500e+00 +3.155517578125e-01 -1.997558593750e+00 +9.993896484375e-01
588 -1.940917968750e+00 +3.200683593750e-01 -1.998046875000e+00 +9.995117187500e-01
589 -1.943359375000e+00 +3.264160156250e-01 -1.998046875000e+00 +9.995117187500e-01
590 -1.942138671875e+00 +3.258056640625e-01 -1.997558593750e+00 +9.993896484375e-01
591 -1.941162109375e+00 +3.254394531250e-01 -1.995361328125e+00 +9.987792968750e-01
592 -1.944580078125e+00 +3.203125000000e-01 -1.998535156250e+00 +9.996337890625e-01
593 -1.941894531250e+00 +3.194580078125e-01 -1.998535156250e+00 +9.996337890625e-01
594 -1.942382812500e+00 +3.099365234375e-01 -1.997802734375e+00 +9.993896484375e-01
595 -1.941406250000e+00 +3.094482421875e-01 -1.999023437500e+00 +9.997558593750e-01
596 -1.941894531250e+00 +3.182373046875e-01 -1.998535156250e+00 +9.996337890625e-01
597 -1.940185546875e+00 +3.115234375000e-01 -1.997070312500e+00 +9.992675781250e-01
598 -1.940917968750e+00 +3.060302734375e-01 -1.997070312500e+00 +9.992675781250e-01
599 -1.940673828125e+00 +3.061523437500e-01 -1.994873046875e+00 +9.986572265625e-01
600 -1.941162109375e+00 +3.062744140625e-01 -1.994140625000e+00 +9.985351562500e-01
601 -1.940429687500e+00 +3.066406250000e-01 -1.997070312500e+00 +9.992675781250e-01
602 -1.941406250000e+00 +3.062744140625e-01 -1.997558593750e+00 +9.993896484375e-01
603 -1.941406250000e+00 +3.057861328125e-01 -1.998046875000e+00 +9.995117187500e-01
604 -1.942382812500e+00 +3.063964843750e-01 -1.997558593750e+00 +9.993896484375e-01
605 -1.941650390625e+00 +3.063964843750e-01 -1.998046875000e+00 +9.995117187500e-01
606 -1.940429687500e+00 +3.062744140625e-01 -1.997314453125e+00 +9.992675781250e-01
607 -1.940429687500e+00 +3.061523437500e-01 -1.994628906250e+00 +9.985351562500e-01
608 -1.939941406250e+00 +3.055419921875e-01 -1.999023437500e+00 +9.997558593750e-01
609 -1.940917968750e+00 +3.134765625000e-01 -1.996093750000e+00 +9.990234375000e-01
610 -1.943603515625e+00 +3.208007812500e-01 -1.998046875000e+00 +9.995117187500e-01
611 -1.943115234375e+00 +3.210449218750e-01 -1.995605468750e+00 +9.989013671875e-01
612 -1.940429687500e+00 +3.216552734375e-01 -1.996337890625e+00 +9.990234375000e-01
613 -1.944091796875e+00 +3.215332031250e-01 -1.998535156250e+00 +9.996337890625e-01
614 -1.941162109375e+00 +3.160400390625e-01 -1.996582031250e+00 +9.991455078125e-01
615 -1.943115234375e+00 +3.126220703125e-01 -1.998046875000e+00 +9.995117187500e-01
616 -1.943115234375e+00 +3.129882812500e-01 -1.998535156250e+00 +9.996337890625e-01
617 -1.944824218750e+00 +3.098144531250e-01 -1.996582031250e+00 +9.991455078125e-01
618 -1.941650390625e+00 +3.095703125000e-01 -1.998046875000e+00 +9.995117187500e-01
619 -1.943359375000e+00 +3.146972656250e-01 -1.997070312500e+00 +9.992675781250e-01
620 -1.943847656250e+00 +3.143310546875e-01 -1.997558593750e+00 +9.993896484375e-01
621 -1.942626953125e+00 +3.197021484375e-01 -1.998291015625e+00 +9.995117187500e-01
622 -1.942382812500e+00 +3.192138671875e-01 -1.997558593750e+00 +9.993896484375e-01
623 -1.946044921875e+00 +3.151855468750e-01 -1.997558593750e+00 +9.993896484375e-01
624 -1.939697265625e+00 +3.181152343750e-01 -1.997558593750e+00 +9.993896484375e-01
625 -1.941894531250e+00 +3.208007812500e-01 -1.996093750000e+00 +9.990234375000e-01
626 -1.942871093750e+00 +3.212890625000e-01 -1.993652343750e+00 +9.984130859375e-01
627 -1.942626953125e+00 +3.210449218750e-01 -1.996093750000e+00 +9.989013671875e-01
628 -1.941162109375e+00 +3.233642578125e-01 -1.995605468750e+00 +9.987792968750e-01
629 -1.942626953125e+00 +3.205566406250e-01 -1.997070312500e+00 +9.991455078125e-01
630 -1.944335937500e+00 +3.233642578125e-01 -1.995605468750e+00 +9.989013671875e-01
631 -1.945068359375e+00 +3.232421875000e-01 -1.995605468750e+00 +9.989013671875e-01
632 -1.943603515625e+00 +3.231201171875e-01 -1.996337890625e+00 +9.990234375000e-01
633 -1.942382812500e+00 +3.236083984375e-01 -1.996582031250e+00 +9.991455078125e-01
634 -1.944091796875e+00 +3.231201171875e-01 -1.996093750000e+00 +9.990234375000e-01
635 -1.941406250000e+00 +3.261718750000e-01 -1.997558593750e+00 +9.993896484375e-01
636 -1.942138671875e+00 +3.264160156250e-01 -1.996582031250e+00 +9.991455078125e-01
637 -1.941406250000e+00 +3.254394531250e-01 -1.999511718750e+00 +9.998779296875e-01
638 -1.940673828125e+00 +3.245849609375e-01 -1.999023437500e+00 +9.997558593750e-01
639 -1.941894531250e+00 +3.247070312500e-01 -1.993652343750e+00 +9.984130859375e-01
640 -1.940673828125e+00 +3.284912109375e-01 -1.994873046875e+00 +9.986572265625e-01
641 -1.944824218750e+00 +3.341064453125e-01 -1.998535156250e+00 +9.996337890625e-01
642 -1.942382812500e+00 +3.380126953125e-01 -1.998046875000e+00 +9.995117187500e-01
643 -1.941406250000e+00 +3.377685546875e-01 -1.996582031250e+00 +9.991455078125e-01
644 -1.942871093750e+00 +3.432617187500e-01 -1.995117187500e+00 +9.987792968750e-01
645 -1.944580078125e+00 +3.442382812500e-01 -1.997558593750e+00 +9.993896484375e-01
646 -1.944091796875e+00 +3.496093750000e-01 -1.997558593750e+00 +9.993896484375e-01
647 -1.943603515625e+00 +3.494873046875e-01 -1.996093750000e+00 +9.990234375000e-01
648 -1.942626953125e+00 +3.557128906250e-01 -1.998046875000e+00 +9.995117187500e-01
649 -1.943359375000e+00 +3.547363281250e-01 -1.998535156250e+00 +9.996337890625e-01
650 -1.943115234375e+00 +3.553466796875e-01 -1.996582031250e+00 +9.991455078125e-01
651 -1.943603515625e+00 +3.508300781250e-01 -1.998046875000e+00 +9.995117187500e-01
652 -1.942871093750e+00 +3.502197265625e-01 -1.997070312500e+00 +9.992675781250e-01
653 -1.941406250000e+00 +3.437500000000e-01 -1.996582031250e+00 +9.991455078125e-01
654 -1.942626953125e+00 +3.380126953125e-01 -1.996582031250e+00 +9.991455078125e-01
655 -1.943847656250e+00 +3.386230468750e-01 -1.997558593750e+00 +9.993896484375e-01
656 -1.942138671875e+00 +3.383789062500e-01 -1.996093750000e+00 +9.990234375000e-01
657 -1.943359375000e+00 +3.383789062500e-01 -1.995605468750e+00 +9.989013671875e-01
658 -1.946289062500e+00 +3.354492187500e-01 -1.997558593750e+00 +9.993896484375e-01
659 -1.944824218750e+00 +3.327636718750e-01 -1.997558593750e+00 +9.993896484375e-01
660 -1.946777343750e+00 +3.323974609375e-01 -1.996582031250e+00 +9.991455078125e-01
661 -1.944580078125e+00 +3.326416015625e-01 -1.997070312500e+00 +9.992675781250e-01
662 -1.945800781250e+00 +3.347167968750e-01 -1.996093750000e+00 +9.990234375000e-01
663 -1.944335937500e+00 +3.349609375000e-01 -1.997558593750e+00 +9.993896484375e-01
664 -1.945556640625e+00 +3.354492187500e-01 -1.997558593750e+00 +9.993896484375e-01
665 -1.942871093750e+00 +3.334960937500e-01 -1.997558593750e+00 +9.993896484375e-01
666 -1.944335937500e+00 +3.319091796875e-01 -1.997558593750e+00 +9.993896484375e-01
667 -1.945556640625e+00 +3.319091796875e-01 -1.995361328125e+00 +9.987792968750e-01
668 -1.945068359375e+00 +3.294677734375e-01 -1.997070312500e+00 +9.992675781250e-01
669 -1.944335937500e+00 +3.328857421875e-01 -1.997070312500e+00 +9.992675781250e-01
670 -1.946044921875e+00 +3.355712890625e-01 -1.997558593750e+00 +9.993896484375e-01
671 -1.944091796875e+00 +3.361816406250e-01 -1.995117187500e+00 +9.987792968750e-01
672 -1.945068359375e+00 +3.360595703125e-01 -1.996093750000e+00 +9.990234375000e-01
673 -1.944580078125e+00 +3.356933593750e-01 -1.994628906250e+00 +9.986572265625e-01
674 -1.946289062500e+00 +3.359375000000e-01 -1.999023437500e+00 +9.997558593750e-01
675 -1.946044921875e+00 +3.375244140625e-01 -1.995361328125e+00 +9.987792968750e-01
676 -1.945068359375e+00 +3.371582031250e-01 -1.997558593750e+00 +9.993896484375e-01
677 -1.944824218750e+00 +3.374023437500e-01 -1.996582031250e+00 +9.991455078125e-01
678 -1.945556640625e+00 +3.342285156250e-01 -1.996582031250e+00 +9.991455078125e-01
679 -1.942382812500e+00 +3.363037109375e-01 -1.996093750000e+00 +9.990234375000e-01
680 -1.944580078125e+00 +3.366699218750e-01 -1.996582031250e+00 +9.991455078125e-01
681 -1.945800781250e+00 +3.369140625000e-01 -1.997314453125e+00 +9.992675781250e-01
682 -1.945312500000e+00 +3.376464843750e-01 -1.998046875000e+00 +9.995117187500e-01
683 -1.943603515625e+00 +3.369140625000e-01 -1.998535156250e+00 +9.996337890625e-01
684 -1.943115234375e+00 +3.372802734375e-01 -1.998046875000e+00 +9.995117187500e-01
685 -1.942626953125e+00 +3.374023437500e-01 -1.996582031250e+00 +9.991455078125e-01
686 -1.944824218750e+00 +3.376464843750e-01 -1.998535156250e+00 +9.996337890625e-01
687 -1.943847656250e+00 +3.408203125000e-01 -1.997558593750e+00 +9.993896484375e-01
688 -1.945312500000e+00 +3.410644531250e-01 -1.998535156250e+00 +9.996337890625e-01
689 -1.943359375000e+00 +3.408203125000e-01 -1.996582031250e+00 +9.991455078125e-01
690 -1.944335937500e+00 +3.410644531250e-01 -1.997558593750e+00 +9.993896484375e-01
691 -1.945068359375e+00 +3.369140625000e-01 -1.997070312500e+00 +9.992675781250e-01
692 -1.944091796875e+00 +3.348388671875e-01 -1.997070312500e+00 +9.992675781250e-01
693 -1.945068359375e+00 +3.353271484375e-01 -1.996582031250e+00 +9.991455078125e-01
694 -1.946289062500e+00 +3.339843750000e-01 -1.999511718750e+00 +9.998779296875e-01
695 -1.944580078125e+00 +3.327636718750e-01 -1.997070312500e+00 +9.992675781250e-01
696 -1.944091796875e+00 +3.330078125000e-01 -1.998046875000e+00 +9.995117187500e-01
697 -1.943115234375e+00 +3.322753906250e-01 -1.997070312500e+00 +9.992675781250e-01
698 -1.943603515625e+00 +3.328857421875e-01 -1.998046875000e+00 +9.995117187500e-01
699 -1.944091796875e+00 +3.325195312500e-01 -1.994140625000e+00 +9.985351562500e-01
700 -1.945068359375e+00 +3.330078125000e-01 -1.997070312500e+00 +9.992675781250e-01
701 -1.946044921875e+00 +3.330078125000e-01 -1.994140625000e+00 +9.985351562500e-01
702 -1.945556640625e+00 +3.332519531250e-01 -1.997558593750e+00 +9.993896484375e-01
703 -1.944824218750e+00 +3.331298828125e-01 -1.999023437500e+00 +9.997558593750e-01
704 -1.944091796875e+00 +3.365478515625e-01 -1.996582031250e+00 +9.991455078125e-01
705 -1.943359375000e+00 +3.409423828125e-01 -1.998535156250e+00 +9.996337890625e-01
706 -1.944335937500e+00 +3.416748046875e-01 -1.997558593750e+00 +9.993896484375e-01
707 -1.945800781250e+00 +3.375244140625e-01 -1.997558593750e+00 +9.993896484375e-01
708 -1.945556640625e+00 +3.375244140625e-01 -1.997802734375e+00 +9.993896484375e-01
709 -1.945312500000e+00 +3.375244140625e-01 -1.998046875000e+00 +9.995117187500e-01
710 -1.944824218750e+00 +3.370361328125e-01 -1.999023437500e+00 +9.997558593750e-01
711 -1.944335937500e+00 +3.372802734375e-01 -1.996582031250e+00 +9.991455078125e-01
712 -1.943603515625e+00 +3.369140625000e-01 -1.996582031250e+00 +9.991455078125e-01
713 -1.944580078125e+00 +3.374023437500e-01 -1.996582031250e+00 +9.991455078125e-01
714 -1.943115234375e+00 +3.320312500000e-01 -1.997070312500e+00 +9.992675781250e-01
715 -1.944580078125e+00 +3.321533203125e-01 -1.996582031250e+00 +9.991455078125e-01
716 -1.946533203125e+00 +3.293457031250e-01 -1.996582031250e+00 +9.991455078125e-01
717 -1.947021484375e+00 +3.315429687500e-01 -1.995849609375e+00 +9.989013671875e-01
718 -1.946044921875e+00 +3.317871093750e-01 -1.996582031250e+00 +9.991455078125e-01
719 -1.943847656250e+00 +3.311767578125e-01 -1.997070312500e+00 +9.992675781250e-01
720 -1.943603515625e+00 +3.288574218750e-01 -1.997070312500e+00 +9.992675781250e-01
721 -1.943359375000e+00 +3.287353515625e-01 -1.998535156250e+00 +9.996337890625e-01
722 -1.944335937500e+00 +3.292236328125e-01 -1.996582031250e+00 +9.991455078125e-01
723 -1.943359375000e+00 +3.287353515625e-01 -1.996582031250e+00 +9.991455078125e-01
724 -1.943603515625e+00 +3.291015625000e-01 -1.996582031250e+00 +9.991455078125e-01
725 -1.945068359375e+00 +3.284912109375e-01 -1.994628906250e+00 +9.986572265625e-01
726 -1.944580078125e+00 +3.284912109375e-01 -1.994384765625e+00 +9.985351562500e-01
727 -1.943847656250e+00 +3.331298828125e-01 -1.997558593750e+00 +9.993896484375e-01
728 -1.943115234375e+00 +3.283691406250e-01 -1.996826171875e+00 +9.991455078125e-01
729 -1.944091796875e+00 +3.237304687500e-01 -1.997314453125e+00 +9.992675781250e-01
730 -1.944335937500e+00 +3.240966796875e-01 -1.997558593750e+00 +9.993896484375e-01
731 -1.940673828125e+00 +3.186035156250e-01 -1.997070312500e+00 +9.992675781250e-01
732 -1.942626953125e+00 +3.188476562500e-01 -1.997070312500e+00 +9.992675781250e-01
733 -1.940673828125e+00 +3.190917968750e-01 -1.998535156250e+00 +9.996337890625e-01
734 -1.944091796875e+00 +3.183593750000e-01 -1.997558593750e+00 +9.993896484375e-01
735 -1.945068359375e+00 +3.149414062500e-01 -1.995605468750e+00 +9.989013671875e-01
736 -1.944580078125e+00 +3.148193359375e-01 -1.995605468750e+00 +9.989013671875e-01
737 -1.944824218750e+00 +3.178710937500e-01 -1.995117187500e+00 +9.987792968750e-01
738 -1.945556640625e+00 +3.186035156250e-01 -1.995117187500e+00 +9.987792968750e-01
739 -1.945800781250e+00 +3.192138671875e-01 -1.996093750000e+00 +9.990234375000e-01
740 -1.945312500000e+00 +3.176269531250e-01 -1.995605468750e+00 +9.989013671875e-01
741 -1.944824218750e+00 +3.178710937500e-01 -1.997070312500e+00 +9.992675781250e-01
742 -1.944335937500e+00 +3.172607421875e-01 -1.997802734375e+00 +9.993896484375e-01
743 -1.945312500000e+00 +3.182373046875e-01 -1.998535156250e+00 +9.996337890625e-01
744 -1.943847656250e+00 +3.195800781250e-01 -1.997070312500e+00 +9.992675781250e-01
745 -1.943847656250e+00 +3.192138671875e-01 -1.998779296875e+00 +9.996337890625e-01
746 -1.944335937500e+00 +3.197021484375e-01 -1.999023437500e+00 +9.997558593750e-01
747 -1.941162109375e+00 +3.193359375000e-01 -1.998046875000e+00 +9.995117187500e-01
748 -1.945068359375e+00 +3.170166015625e-01 -1.997558593750e+00 +9.993896484375e-01
749 -1.942871093750e+00 +3.142089843750e-01 -1.995605468750e+00 +9.989013671875e-01
750 -1.945068359375e+00 +3.171386718750e-01 -1.995117187500e+00 +9.986572265625e-01
751 -1.943847656250e+00 +3.168945312500e-01 -1.998779296875e+00 +9.996337890625e-01
752 -1.944091796875e+00 +3.159179687500e-01 -1.996093750000e+00 +9.990234375000e-01
753 -1.943359375000e+00 +3.155517578125e-01 -1.996093750000e+00 +9.990234375000e-01
754 -1.944580078125e+00 +3.155517578125e-01 -1.996093750000e+00 +9.990234375000e-01
755 -1.942626953125e+00 +3.157958984375e-01 -1.998046875000e+00 +9.995117187500e-01
756 -1.942382812500e+00 +3.149414062500e-01 -1.997558593750e+00 +9.993896484375e-01
757 -1.942138671875e+00 +3.164062500000e-01 -1.997070312500e+00 +9.992675781250e-01
758 -1.942382812500e+00 +3.186035156250e-01 -1.998535156250e+00 +9.996337890625e-01
759 -1.943359375000e+00 +3.189697265625e-01 -1.997070312500e+00 +9.992675781250e-01
760 -1.942382812500e+00 +3.172607421875e-01 -1.996582031250e+00 +9.991455078125e-01
761 -1.942626953125e+00 +3.170166015625e-01 -1.994628906250e+00 +9.986572265625e-01
762 -1.943847656250e+00 +3.175048828125e-01 -1.996582031250e+00 +9.991455078125e-01
763 -1.944824218750e+00 +3.178710937500e-01 -1.997558593750e+00 +9.993896484375e-01
764 -1.940185546875e+00 +3.160400390625e-01 -1.995605468750e+00 +9.989013671875e-01
765 -1.943603515625e+00 +3.175048828125e-01 -1.996826171875e+00 +9.991455078125e-01
766 -1.943115234375e+00 +3.208007812500e-01 -1.997558593750e+00 +9.993896484375e-01
767 -1.945312500000e+00 +3.236083984375e-01 -1.999023437500e+00 +9.997558593750e-01
768 -1.946044921875e+00 +3.232421875000e-01 -1.998046875000e+00 +9.995117187500e-01
769 -1.946533203125e+00 +3.229980468750e-01 -1.998779296875e+00 +9.996337890625e-01
770 -1.942871093750e+00 +3.194580078125e-01 -1.998291015625e+00 +9.995117187500e-01
771 -1.943603515625e+00 +3.216552734375e-01 -1.996582031250e+00 +9.991455078125e-01
772 -1.943847656250e+00 +3.183593750000e-01 -1.997558593750e+00 +9.993896484375e-01
773 -1.944335937500e+00 +3.220214843750e-01 -1.997070312500e+00 +9.992675781250e-01
774 -1.944335937500e+00 +3.248291015625e-01 -1.998046875000e+00 +9.995117187500e-01
775 -1.942871093750e+00 +3.238525390625e-01 -1.998291015625e+00 +9.995117187500e-01
776 -1.941650390625e+00 +3.244628906250e-01 -1.997558593750e+00 +9.993896484375e-01
777 -1.943603515625e+00 +3.261718750000e-01 -1.998535156250e+00 +9.996337890625e-01
778 -1.945312500000e+00 +3.261718750000e-01 -1.998046875000e+00 +9.995117187500e-01
779 -1.942382812500e+00 +3.227539062500e-01 -1.997070312500e+00 +9.992675781250e-01
780 -1.942871093750e+00 +3.204345703125e-01 -1.997070312500e+00 +9.992675781250e-01
781 -1.941162109375e+00 +3.199462890625e-01 -1.998046875000e+00 +9.995117187500e-01
782 -1.942382812500e+00 +3.253173828125e-01 -1.996093750000e+00 +9.990234375000e-01
783 -1.944091796875e+00 +3.264160156250e-01 -1.998046875000e+00 +9.995117187500e-01
784 -1.943847656250e+00 +3.310546875000e-01 -1.997802734375e+00 +9.993896484375e-01
785 -1.942138671875e+00 +3.305664062500e-01 -1.997558593750e+00 +9.993896484375e-01
786 -1.946289062500e+00 +3.273925781250e-01 -1.997070312500e+00 +9.992675781250e-01
787 -1.944335937500e+00 +3.229980468750e-01 -1.999023437500e+00 +9.997558593750e-01
788 -1.937744140625e+00 +3.206787109375e-01 -1.998535156250e+00 +9.996337890625e-01
789 -1.943359375000e+00 +3.182373046875e-01 -1.997558593750e+00 +9.993896484375e-01
790 -1.944091796875e+00 +3.193359375000e-01 -1.998046875000e+00 +9.995117187500e-01
791 -1.944335937500e+00 +3.238525390625e-01 -1.998046875000e+00 +9.995117187500e-01
792 -1.942382812500e+00 +3.234863281250e-01 -1.997314453125e+00 +9.992675781250e-01
793 -1.942138671875e+00 +3.233642578125e-01 -1.997802734375e+00 +9.993896484375e-01
794 -1.944335937500e+00 +3.275146484375e-01 -1.997558593750e+00 +9.993896484375e-01
795 -1.943603515625e+00 +3.293457031250e-01 -1.997070312500e+00 +9.992675781250e-01
796 -1.945068359375e+00 +3.321533203125e-01 -1.998046875000e+00 +9.995117187500e-01
797 -1.945068359375e+00 +3.317871093750e-01 -1.996093750000e+00 +9.990234375000e-01
798 -1.945556640625e+00 +3.298339843750e-01 -1.995849609375e+00 +9.989013671875e-01
799 -1.945800781250e+00 +3.304443359375e-01 -1.997558593750e+00 +9.993896484375e-01
800 -1.947021484375e+00 +3.321533203125e-01 -1.999023437500e+00 +9.997558593750e-01
801 -1.947021484375e+00 +3.306884765625e-01 -1.997070312500e+00 +9.992675781250e-01
802 -1.945068359375e+00 +3.305664062500e-01 -1.997070312500e+00 +9.992675781250e-01
803 -1.943847656250e+00 +3.333740234375e-01 -1.998291015625e+00 +9.995117187500e-01
804 -1.945556640625e+00 +3.341064453125e-01 -1.996093750000e+00 +9.990234375000e-01
805 -1.945312500000e+00 +3.344726562500e-01 -1.996582031250e+00 +9.991455078125e-01
806 -1.944580078125e+00 +3.338623046875e-01 -1.996582031250e+00 +9.991455078125e-01
807 -1.944580078125e+00 +3.350830078125e-01 -1.998535156250e+00 +9.996337890625e-01
808 -1.945556640625e+00 +3.322753906250e-01 -1.997070312500e+00 +9.992675781250e-01
809 -1.945556640625e+00 +3.325195312500e-01 -1.997558593750e+00 +9.993896484375e-01
810 -1.945556640625e+00 +3.354492187500e-01 -1.996093750000e+00 +9.990234375000e-01
811 -1.944824218750e+00 +3.332519531250e-01 -1.997314453125e+00 +9.992675781250e-01
812 -1.945312500000e+00 +3.343505859375e-01 -1.998291015625e+00 +9.995117187500e-01
813 -1.945800781250e+00 +3.325195312500e-01 -1.997070312500e+00 +9.992675781250e-01
814 -1.943847656250e+00 +3.328857421875e-01 -1.996093750000e+00 +9.990234375000e-01
815 -1.941406250000e+00 +3.337402343750e-01 -1.995849609375e+00 +9.989013671875e-01
816 -1.943115234375e+00 +3.348388671875e-01 -1.996582031250e+00 +9.991455078125e-01
817 -1.942871093750e+00 +3.341064453125e-01 -1.996582031250e+00 +9.991455078125e-01
818 -1.943359375000e+00 +3.341064453125e-01 -1.997802734375e+00 +9.993896484375e-01
819 -1.943847656250e+00 +3.345947265625e-01 -1.998046875000e+00 +9.995117187500e-01
820 -1.942382812500e+00 +3.344726562500e-01 -1.997070312500e+00 +9.992675781250e-01
821 -1.944335937500e+00 +3.311767578125e-01 -1.997558593750e+00 +9.993896484375e-01
822 -1.943603515625e+00 +3.314208984375e-01 -1.998535156250e+00 +9.996337890625e-01
823 -1.945312500000e+00 +3.347167968750e-01 -1.999511718750e+00 +9.998779296875e-01
824 -1.944091796875e+00 +3.354492187500e-01 -1.996093750000e+00 +9.990234375000e-01
825 -1.946044921875e+00 +3.377685546875e-01 -1.999511718750e+00 +9.998779296875e-01
826 -1.944091796875e+00 +3.354492187500e-01 -1.998046875000e+00 +9.995117187500e-01
827 -1.946044921875e+00 +3.371582031250e-01 -1.999023437500e+00 +9.997558593750e-01
828 -1.944091796875e+00 +3.364257812500e-01 -1.996582031250e+00 +9.991455078125e-01
829 -1.941894531250e+00 +3.363037109375e-01 -1.994873046875e+00 +9.986572265625e-01
830 -1.945068359375e+00 +3.363037109375e-01 -1.994140625000e+00 +9.985351562500e-01
831 -1.941406250000e+00 +3.361816406250e-01 -1.996582031250e+00 +9.991455078125e-01
832 -1.943847656250e+00 +3.366699218750e-01 -1.995361328125e+00 +9.987792968750e-01
833 -1.943359375000e+00 +3.367919921875e-01 -1.996826171875e+00 +9.991455078125e-01
834 -1.943603515625e+00 +3.364257812500e-01 -1.996582031250e+00 +9.991455078125e-01
835 -1.942626953125e+00 +3.365478515625e-01 -1.997802734375e+00 +9.993896484375e-01
836 -1.945312500000e+00 +3.387451171875e-01 -1.997070312500e+00 +9.992675781250e-01
837 -1.946533203125e+00 +3.382568359375e-01 -1.996093750000e+00 +9.990234375000e-01
838 -1.945556640625e+00 +3.387451171875e-01 -1.997070312500e+00 +9.992675781250e-01
839 -1.946777343750e+00 +3.360595703125e-01 -1.998046875000e+00 +9.995117187500e-01
840 -1.947753906250e+00 +3.370361328125e-01 -1.998046875000e+00 +9.995117187500e-01
841 -1.947753906250e+00 +3.380126953125e-01 -1.996582031250e+00 +9.991455078125e-01
842 -1.947753906250e+00 +3.375244140625e-01 -1.994628906250e+00 +9.986572265625e-01
843 -1.944824218750e+00 +3.381347656250e-01 -1.996582031250e+00 +9.991455078125e-01
844 -1.946777343750e+00 +3.363037109375e-01 -1.997558593750e+00 +9.993896484375e-01
845 -1.946289062500e+00 +3.370361328125e-01 -1.996582031250e+00 +9.991455078125e-01
846 -1.942871093750e+00 +3.374023437500e-01 -1.996582031250e+00 +9.990234375000e-01
847 -1.943115234375e+00 +3.372802734375e-01 -1.997558593750e+00 +9.993896484375e-01
848 -1.943603515625e+00 +3.386230468750e-01 -1.998535156250e+00 +9.996337890625e-01
849 -1.945800781250e+00 +3.370361328125e-01 -1.998046875000e+00 +9.995117187500e-01
850 -1.945556640625e+00 +3.353271484375e-01 -1.998291015625e+00 +9.995117187500e-01
851 -1.946044921875e+00 +3.354492187500e-01 -1.997070312500e+00 +9.992675781250e-01
852 -1.946533203125e+00 +3.343505859375e-01 -1.997070312500e+00 +9.991455078125e-01
853 -1.944091796875e+00 +3.343505859375e-01 -1.999511718750e+00 +9.998779296875e-01
854 -1.946044921875e+00 +3.343505859375e-01 -1.995605468750e+00 +9.989013671875e-01
855 -1.946044921875e+00 +3.343505859375e-01 -1.998046875000e+00 +9.995117187500e-01
856 -1.947265625000e+00 +3.356933593750e-01 -1.998046875000e+00 +9.995117187500e-01
857 -1.944335937500e+00 +3.375244140625e-01 -1.997558593750e+00 +9.993896484375e-01
858 -1.944091796875e+00 +3.387451171875e-01 -1.997070312500e+00 +9.992675781250e-01
859 -1.945068359375e+00 +3.394775390625e-01 -1.996826171875e+00 +9.991455078125e-01
860 -1.946289062500e+00 +3.359375000000e-01 -1.998046875000e+00 +9.993896484375e-01
861 -1.943603515625e+00 +3.405761718750e-01 -1.996582031250e+00 +9.991455078125e-01
862 -1.945312500000e+00 +3.360595703125e-01 -1.998535156250e+00 +9.996337890625e-01
863 -1.944824218750e+00 +3.402099609375e-01 -1.999023437500e+00 +9.997558593750e-01
864 -1.944091796875e+00 +3.444824218750e-01 -1.999023437500e+00 +9.997558593750e-01
865 -1.941894531250e+00 +3.415527343750e-01 -1.997558593750e+00 +9.993896484375e-01
866 -1.944580078125e+00 +3.422851562500e-01 -1.996093750000e+00 +9.990234375000e-01
867 -1.941894531250e+00 +3.424072265625e-01 -1.995605468750e+00 +9.989013671875e-01
868 -1.946533203125e+00 +3.391113281250e-01 -1.995117187500e+00 +9.987792968750e-01
869 -1.945556640625e+00 +3.385009765625e-01 -1.997558593750e+00 +9.993896484375e-01
870 -1.944824218750e+00 +3.402099609375e-01 -1.998046875000e+00 +9.995117187500e-01
871 -1.944091796875e+00 +3.399658203125e-01 -1.995605468750e+00 +9.989013671875e-01
872 -1.943359375000e+00 +3.410644531250e-01 -1.999511718750e+00 +9.998779296875e-01
873 -1.944824218750e+00 +3.410644531250e-01 -1.999511718750e+00 +9.998779296875e-01
874 -1.947998046875e+00 +3.414306640625e-01 -1.999023437500e+00 +9.997558593750e-01
875 -1.944580078125e+00 +3.402099609375e-01 -1.997070312500e+00 +9.992675781250e-01
876 -1.944824218750e+00 +3.408203125000e-01 -1.996093750000e+00 +9.990234375000e-01
877 -1.945800781250e+00 +3.382568359375e-01 -1.995605468750e+00 +9.989013671875e-01
878 -1.946533203125e+00 +3.380126953125e-01 -1.998046875000e+00 +9.995117187500e-01
879 -1.946044921875e+00 +3.375244140625e-01 -1.998046875000e+00 +9.995117187500e-01
880 -1.945068359375e+00 +3.348388671875e-01 -1.996582031250e+00 +9.991455078125e-01
881 -1.947021484375e+00 +3.321533203125e-01 -1.995605468750e+00 +9.989013671875e-01
882 -1.947021484375e+00 +3.358154296875e-01 -1.996582031250e+00 +9.991455078125e-01
883 -1.947021484375e+00 +3.312988281250e-01 -1.998046875000e+00 +9.995117187500e-01
884 -1.945312500000e+00 +3.321533203125e-01 -1.998535156250e+00 +9.996337890625e-01
885 -1.943115234375e+00 +3.278808593750e-01 -1.998046875000e+00 +9.995117187500e-01
886 -1.946289062500e+00 +3.283691406250e-01 -1.998535156250e+00 +9.996337890625e-01
887 -1.946289062500e+00 +3.276367187500e-01 -1.997802734375e+00 +9.993896484375e-01
888 -1.943603515625e+00 +3.244628906250e-01 -1.994384765625e+00 +9.985351562500e-01
889 -1.945556640625e+00 +3.277587890625e-01 -1.995117187500e+00 +9.987792968750e-01
890 -1.946289062500e+00 +3.282470703125e-01 -1.993652343750e+00 +9.984130859375e-01
891 -1.942626953125e+00 +3.283691406250e-01 -1.995849609375e+00 +9.989013671875e-01
892 -1.943603515625e+00 +3.260498046875e-01 -1.996337890625e+00 +9.990234375000e-01
893 -1.944335937500e+00 +3.286132812500e-01 -1.995605468750e+00 +9.989013671875e-01
894 -1.947021484375e+00 +3.264160156250e-01 -1.997558593750e+00 +9.993896484375e-01
895 -1.944335937500e+00 +3.262939453125e-01 -1.997558593750e+00 +9.993896484375e-01
896 -1.943847656250e+00 +3.264160156250e-01 -1.996582031250e+00 +9.990234375000e-01
897 -1.946533203125e+00 +3.243408203125e-01 -1.995605468750e+00 +9.989013671875e-01
898 -1.945068359375e+00 +3.242187500000e-01 -1.998046875000e+00 +9.995117187500e-01
899 -1.945068359375e+00 +3.205566406250e-01 -1.996093750000e+00 +9.990234375000e-01
900 -1.946044921875e+00 +3.234863281250e-01 -1.998046875000e+00 +9.995117187500e-01
901 -1.945068359375e+00 +3.237304687500e-01 -1.998046875000e+00 +9.995117187500e-01
902 -1.946533203125e+00 +3.245849609375e-01 -1.997558593750e+00 +9.993896484375e-01
903 -1.946289062500e+00 +3.261718750000e-01 -1.997558593750e+00 +9.993896484375e-01
904 -1.947265625000e+00 +3.277587890625e-01 -1.997558593750e+00 +9.993896484375e-01
905 -1.948486328125e+00 +3.299560546875e-01 -1.997558593750e+00 +9.993896484375e-01
906 -1.946044921875e+00 +3.266601562500e-01 -1.997558593750e+00 +9.993896484375e-01
907 -1.945068359375e+00 +3.233642578125e-01 -1.998535156250e+00 +9.996337890625e-01
908 -1.944335937500e+00 +3.254394531250e-01 -1.998779296875e+00 +9.996337890625e-01
909 -1.946044921875e+00 +3.244628906250e-01 -1.998046875000e+00 +9.995117187500e-01
910 -1.945312500000e+00 +3.272705078125e-01 -1.997070312500e+00 +9.992675781250e-01
911 -1.946289062500e+00 +3.302001953125e-01 -1.996093750000e+00 +9.990234375000e-01
912 -1.945068359375e+00 +3.333740234375e-01 -1.994140625000e+00 +9.985351562500e-01
913 -1.947509765625e+00 +3.354492187500e-01 -1.994140625000e+00 +9.985351562500e-01
914 -1.945800781250e+00 +3.354492187500e-01 -1.997070312500e+00 +9.992675781250e-01
915 -1.946533203125e+00 +3.353271484375e-01 -1.998535156250e+00 +9.996337890625e-01
916 -1.947265625000e+00 +3.355712890625e-01 -1.997558593750e+00 +9.993896484375e-01
917 -1.946044921875e+00 +3.366699218750e-01 -1.999023437500e+00 +9.997558593750e-01
918 -1.948486328125e+00 +3.386230468750e-01 -1.998291015625e+00 +9.995117187500e-01
919 -1.948486328125e+00 +3.381347656250e-01 -1.996826171875e+00 +9.991455078125e-01
920 -1.947509765625e+00 +3.381347656250e-01 -1.997070312500e+00 +9.992675781250e-01
921 -1.947753906250e+00 +3.385009765625e-01 -1.998046875000e+00 +9.995117187500e-01
922 -1.945800781250e+00 +3.395996093750e-01 -1.998046875000e+00 +9.995117187500e-01
923 -1.947265625000e+00 +3.419189453125e-01 -1.997558593750e+00 +9.993896484375e-01
924 -1.946533203125e+00 +3.470458984375e-01 -1.997070312500e+00 +9.992675781250e-01
925 -1.948486328125e+00 +3.468017578125e-01 -1.996093750000e+00 +9.990234375000e-01
926 -1.946777343750e+00 +3.518066406250e-01 -1.998535156250e+00 +9.996337890625e-01
927 -1.947265625000e+00 +3.510742187500e-01 -1.999023437500e+00 +9.997558593750e-01
928 -1.948486328125e+00 +3.488769531250e-01 -1.994628906250e+00 +9.985351562500e-01
929 -1.947998046875e+00 +3.513183593750e-01 -1.995117187500e+00 +9.987792968750e-01
930 -1.947509765625e+00 +3.558349609375e-01 -1.997070312500e+00 +9.992675781250e-01
931 -1.946289062500e+00 +3.522949218750e-01 -1.997558593750e+00 +9.993896484375e-01
932 -1.947753906250e+00 +3.504638671875e-01 -1.999023437500e+00 +9.997558593750e-01
933 -1.945312500000e+00 +3.494873046875e-01 -1.998046875000e+00 +9.995117187500e-01
934 -1.948974609375e+00 +3.502197265625e-01 -1.998046875000e+00 +9.995117187500e-01
935 -1.947021484375e+00 +3.492431640625e-01 -1.997558593750e+00 +9.993896484375e-01
936 -1.945312500000e+00 +3.479003906250e-01 -1.996582031250e+00 +9.991455078125e-01
937 -1.946533203125e+00 +3.500976562500e-01 -1.996093750000e+00 +9.990234375000e-01
938 -1.949707031250e+00 +3.537597656250e-01 -1.998535156250e+00 +9.996337890625e-01
939 -1.950927734375e+00 +3.538818359375e-01 -1.996826171875e+00 +9.991455078125e-01
940 -1.948974609375e+00 +3.521728515625e-01 -1.996582031250e+00 +9.991455078125e-01
941 -1.949707031250e+00 +3.498535156250e-01 -1.997070312500e+00 +9.992675781250e-01
942 -1.948486328125e+00 +3.509521484375e-01 -1.999023437500e+00 +9.997558593750e-01
943 -1.948974609375e+00 +3.525390625000e-01 -1.997314453125e+00 +9.992675781250e-01
944 -1.949462890625e+00 +3.525390625000e-01 -1.997070312500e+00 +9.992675781250e-01
945 -1.951171875000e+00 +3.541259765625e-01 -1.997558593750e+00 +9.993896484375e-01
946 -1.951904296875e+00 +3.538818359375e-01 -1.997558593750e+00 +9.993896484375e-01
947 -1.951416015625e+00 +3.541259765625e-01 -1.996582031250e+00 +9.991455078125e-01
948 -1.949951171875e+00 +3.559570312500e-01 -1.997070312500e+00 +9.992675781250e-01
949 -1.949462890625e+00 +3.551025390625e-01 -1.995849609375e+00 +9.989013671875e-01
950 -1.950439453125e+00 +3.580322265625e-01 -1.996093750000e+00 +9.990234375000e-01
951 -1.948974609375e+00 +3.591308593750e-01 -1.996337890625e+00 +9.990234375000e-01
952 -1.947021484375e+00 +3.602294921875e-01 -1.996582031250e+00 +9.991455078125e-01
953 -1.947021484375e+00 +3.593750000000e-01 -1.995605468750e+00 +9.989013671875e-01
954 -1.950195312500e+00 +3.593750000000e-01 -1.998046875000e+00 +9.995117187500e-01
955 -1.953125000000e+00 +3.615722656250e-01 -1.998046875000e+00 +9.995117187500e-01
956 -1.951660156250e+00 +3.596191406250e-01 -1.998046875000e+00 +9.995117187500e-01
957 -1.952148437500e+00 +3.594970703125e-01 -1.997558593750e+00 +9.993896484375e-01
958 -1.951660156250e+00 +3.599853515625e-01 -1.997314453125e+00 +9.992675781250e-01
959 -1.950927734375e+00 +3.588867187500e-01 -1.998535156250e+00 +9.996337890625e-01
960 -1.950927734375e+00 +3.579101562500e-01 -1.998046875000e+00 +9.995117187500e-01
961 -1.950927734375e+00 +3.563232421875e-01 -1.997070312500e+00 +9.992675781250e-01
962 -1.950195312500e+00 +3.563232421875e-01 -1.997070312500e+00 +9.992675781250e-01
963 -1.950439453125e+00 +3.568115234375e-01 -1.996826171875e+00 +9.991455078125e-01
964 -1.950927734375e+00 +3.569335937500e-01 -1.995361328125e+00 +9.987792968750e-01
965 -1.947998046875e+00 +3.568115234375e-01 -1.997558593750e+00 +9.993896484375e-01
966 -1.951660156250e+00 +3.574218750000e-01 -1.998046875000e+00 +9.995117187500e-01
967 -1.947265625000e+00 +3.562011718750e-01 -1.997558593750e+00 +9.993896484375e-01
968 -1.948486328125e+00 +3.559570312500e-01 -1.998535156250e+00 +9.996337890625e-01
969 -1.948730468750e+00 +3.558349609375e-01 -1.995605468750e+00 +9.989013671875e-01
970 -1.951171875000e+00 +3.553466796875e-01 -1.995849609375e+00 +9.989013671875e-01
971 -1.951660156250e+00 +3.565673828125e-01 -1.995117187500e+00 +9.986572265625e-01
972 -1.950927734375e+00 +3.549804687500e-01 -1.998535156250e+00 +9.996337890625e-01
973 -1.950683593750e+00 +3.521728515625e-01 -1.998046875000e+00 +9.995117187500e-01
974 -1.948730468750e+00 +3.548583984375e-01 -1.994140625000e+00 +9.985351562500e-01
975 -1.948974609375e+00 +3.547363281250e-01 -1.995117187500e+00 +9.987792968750e-01
976 -1.949218750000e+00 +3.546142578125e-01 -1.994384765625e+00 +9.985351562500e-01
977 -1.950439453125e+00 +3.541259765625e-01 -1.994628906250e+00 +9.985351562500e-01
978 -1.949218750000e+00 +3.566894531250e-01 -1.995117187500e+00 +9.987792968750e-01
979 -1.950683593750e+00 +3.574218750000e-01 -1.996826171875e+00 +9.991455078125e-01
980 -1.951904296875e+00 +3.580322265625e-01 -1.997558593750e+00 +9.993896484375e-01
981 -1.952148437500e+00 +3.582763671875e-01 -1.994873046875e+00 +9.986572265625e-01
982 -1.951904296875e+00 +3.565673828125e-01 -1.997070312500e+00 +9.992675781250e-01
983 -1.951660156250e+00 +3.565673828125e-01 -1.997558593750e+00 +9.993896484375e-01
984 -1.950683593750e+00 +3.570556640625e-01 -1.995605468750e+00 +9.989013671875e-01
985 -1.947021484375e+00 +3.535156250000e-01 -1.995849609375e+00 +9.989013671875e-01
986 -1.945800781250e+00 +3.529052734375e-01 -1.995117187500e+00 +9.987792968750e-01
987 -1.950683593750e+00 +3.562011718750e-01 -1.996093750000e+00 +9.990234375000e-01
988 -1.947021484375e+00 +3.541259765625e-01 -1.998046875000e+00 +9.995117187500e-01
989 -1.951416015625e+00 +3.536376953125e-01 -1.997070312500e+00 +9.992675781250e-01
990 -1.950195312500e+00 +3.531494140625e-01 -1.998535156250e+00 +9.996337890625e-01
991 -1.949462890625e+00 +3.533935546875e-01 -1.996582031250e+00 +9.990234375000e-01
992 -1.949951171875e+00 +3.533935546875e-01 -1.996826171875e+00 +9.991455078125e-01
993 -1.948730468750e+00 +3.508300781250e-01 -1.996093750000e+00 +9.990234375000e-01
994 -1.949707031250e+00 +3.487548828125e-01 -1.995605468750e+00 +9.989013671875e-01
995 -1.948730468750e+00 +3.503417968750e-01 -1.995605468750e+00 +9.989013671875e-01
996 -1.948486328125e+00 +3.496093750000e-01 -1.995849609375e+00 +9.989013671875e-01
997 -1.948730468750e+00 +3.477783203125e-01 -1.996826171875e+00 +9.991455078125e-01
998 -1.947021484375e+00 +3.470458984375e-01 -1.994628906250e+00 +9.986572265625e-01
999 -1.948486328125e+00 +3.470458984375e-01 -1.996582031250e+00 +9.991455078125e-01
1000 -1.949218750000e+00 +3.474121093750e-01 -1.996582031250e+00 +9.991455078125e-01
