# MC Simulations of 2D Ising Model from Random and Ferromagnetic Initial Condition 
# L = 32
# t_0 = 1000 t_meas = 1000 dt = 1 
# beta energy_density abs_magnetization_density specific_heat susceptibility binder_parameter
0.2 -4.276914e-01 +4.238945e-02 +9.946592e-02 +2.139130e-01 -6.211867e-03
0.21250000000000002 -4.592812e-01 +4.412734e-02 +1.150715e-01 +2.535680e-01 -2.239218e-02
0.225 -4.902492e-01 +4.696406e-02 +1.276164e-01 +2.825785e-01 +2.758415e-02
0.23750000000000002 -5.213133e-01 +4.905078e-02 +1.459160e-01 +3.179247e-01 -2.791538e-03
0.25 -5.561359e-01 +5.078242e-02 +1.716677e-01 +3.813412e-01 -2.289013e-02
0.2625 -5.923117e-01 +5.397305e-02 +1.987780e-01 +4.625180e-01 -1.602779e-02
0.275 -6.269930e-01 +5.922227e-02 +2.160203e-01 +5.773997e-01 -9.956124e-03
0.28750000000000003 -6.637859e-01 +6.526289e-02 +2.465494e-01 +6.824674e-01 +6.530672e-02
0.30000000000000004 -7.044344e-01 +6.442266e-02 +2.803022e-01 +6.768147e-01 +9.790420e-02
0.3125 -7.472008e-01 +7.491953e-02 +3.225761e-01 +1.046615e+00 -1.964866e-03
0.325 -7.860078e-01 +7.400000e-02 +3.705056e-01 +1.019610e+00 +3.485350e-02
0.3375 -8.355266e-01 +9.041289e-02 +4.416803e-01 +1.506291e+00 +4.185443e-02
0.35000000000000003 -8.799922e-01 +1.032586e-01 +4.503757e-01 +2.064974e+00 +9.687994e-02
0.36250000000000004 -9.322891e-01 +1.170602e-01 +5.495542e-01 +2.879245e+00 +6.399062e-02
0.375 -9.811945e-01 +1.317906e-01 +6.237810e-01 +3.531196e+00 +1.042922e-01
0.3875 -1.041674e+00 +1.510863e-01 +7.336089e-01 +4.408117e+00 +1.622684e-01
0.4 -1.102304e+00 +1.903875e-01 +8.022134e-01 +6.574847e+00 +2.337164e-01
0.41250000000000003 -1.186859e+00 +2.909285e-01 +1.102505e+00 +1.228781e+01 +3.453615e-01
0.42500000000000004 -1.276338e+00 +4.246461e-01 +1.551994e+00 +1.870388e+01 +4.741967e-01
0.4375 -1.407273e+00 +6.185312e-01 +1.928555e+00 +1.672275e+01 +5.969076e-01
0.45 -1.503523e+00 +7.444387e-01 +1.443150e+00 +5.560809e+00 +6.461426e-01
0.4625 -1.598522e+00 +8.322262e-01 +1.110467e+00 +1.236801e+00 +6.619210e-01
0.47500000000000003 -1.665987e+00 +8.750488e-01 +9.348220e-01 +6.517905e-01 +6.644239e-01
0.48750000000000004 -1.705437e+00 +8.934238e-01 +8.098433e-01 +4.704213e-01 +6.651303e-01
0.5 -1.746023e+00 +9.115781e-01 +7.406550e-01 +3.938797e-01 +6.654724e-01
0.5125 -1.777702e+00 +9.254895e-01 +6.064198e-01 +2.513730e-01 +6.659356e-01
0.525 -1.805434e+00 +9.365520e-01 +5.785190e-01 +2.097125e-01 +6.660836e-01
0.5375000000000001 -1.831951e+00 +9.472539e-01 +4.929525e-01 +1.418840e-01 +6.662885e-01
0.55 -1.849979e+00 +9.537684e-01 +4.679498e-01 +1.239186e-01 +6.663482e-01
0.5625 -1.869332e+00 +9.605398e-01 +4.124553e-01 +9.573958e-02 +6.664286e-01
0.575 -1.884187e+00 +9.653977e-01 +3.858458e-01 +8.386009e-02 +6.664644e-01
0.5875 -1.897045e+00 +9.699332e-01 +3.550244e-01 +6.919283e-02 +6.665049e-01
0.6000000000000001 -1.908782e+00 +9.735602e-01 +3.290852e-01 +6.167113e-02 +6.665265e-01
0.6125 -1.919609e+00 +9.770020e-01 +2.826472e-01 +4.793764e-02 +6.665605e-01
0.625 -1.928216e+00 +9.796332e-01 +2.640822e-01 +4.334860e-02 +6.665732e-01
0.6375 -1.935943e+00 +9.819594e-01 +2.377763e-01 +3.695190e-02 +6.665888e-01
0.65 -1.943859e+00 +9.843488e-01 +2.198536e-01 +3.226036e-02 +6.666003e-01
0.6625000000000001 -1.949239e+00 +9.858715e-01 +2.168442e-01 +3.138785e-02 +6.666035e-01
0.675 -1.953929e+00 +9.872785e-01 +1.926656e-01 +2.638992e-02 +6.666147e-01
0.6875 -1.960031e+00 +9.890625e-01 +1.776757e-01 +2.220195e-02 +6.666239e-01
0.7 -1.964309e+00 +9.903191e-01 +1.600745e-01 +1.938430e-02 +6.666301e-01
0.7125000000000001 -1.967727e+00 +9.912676e-01 +1.501842e-01 +1.783131e-02 +6.666336e-01
0.7250000000000001 -1.970891e+00 +9.921961e-01 +1.311572e-01 +1.453280e-02 +6.666402e-01
0.7375 -1.973790e+00 +9.929746e-01 +1.203459e-01 +1.335737e-02 +6.666428e-01
0.75 -1.976773e+00 +9.938375e-01 +1.112705e-01 +1.162123e-02 +6.666463e-01
0.7625 -1.978938e+00 +9.944160e-01 +1.092239e-01 +1.107388e-02 +6.666476e-01
0.7750000000000001 -1.981058e+00 +9.950031e-01 +9.537230e-02 +9.370808e-03 +6.666508e-01
0.7875000000000001 -1.983237e+00 +9.956027e-01 +8.837617e-02 +8.318578e-03 +6.666528e-01
0.8 -1.984919e+00 +9.960547e-01 +8.165023e-02 +7.513750e-03 +6.666544e-01
0.8125 -1.986302e+00 +9.964020e-01 +7.575658e-02 +7.039865e-03 +6.666553e-01
0.825 -1.987540e+00 +9.967391e-01 +7.280748e-02 +6.526639e-03 +6.666563e-01
0.8375000000000001 -1.988948e+00 +9.971305e-01 +6.647463e-02 +5.680119e-03 +6.666578e-01
0.8500000000000001 -1.989896e+00 +9.973781e-01 +6.126010e-02 +5.172921e-03 +6.666587e-01
0.8625 -1.991272e+00 +9.977395e-01 +5.363397e-02 +4.422419e-03 +6.666600e-01
0.875 -1.991897e+00 +9.978953e-01 +5.127851e-02 +4.216332e-03 +6.666604e-01
0.8875 -1.992854e+00 +9.981551e-01 +4.872018e-02 +3.864545e-03 +6.666610e-01
0.9000000000000001 -1.993421e+00 +9.983051e-01 +4.266764e-02 +3.321292e-03 +6.666619e-01
0.9125000000000001 -1.994277e+00 +9.985320e-01 +3.807306e-02 +2.878287e-03 +6.666626e-01
0.925 -1.994659e+00 +9.986281e-01 +3.618247e-02 +2.676120e-03 +6.666629e-01
0.9375 -1.995131e+00 +9.987543e-01 +3.620115e-02 +2.619914e-03 +6.666630e-01
0.95 -1.995661e+00 +9.988836e-01 +3.325886e-02 +2.434648e-03 +6.666633e-01
0.9625000000000001 -1.996309e+00 +9.990547e-01 +2.783493e-02 +1.966147e-03 +6.666640e-01
0.9750000000000001 -1.996366e+00 +9.990715e-01 +2.827705e-02 +1.961406e-03 +6.666640e-01
0.9875 -1.996877e+00 +9.992039e-01 +2.568866e-02 +1.739937e-03 +6.666644e-01
1.0 -1.997030e+00 +9.992461e-01 +2.387175e-02 +1.566422e-03 +6.666646e-01
1.0125 -1.997401e+00 +9.993359e-01 +2.219212e-02 +1.495020e-03 +6.666647e-01
1.0250000000000001 -1.997630e+00 +9.993965e-01 +2.020801e-02 +1.336980e-03 +6.666650e-01
1.0375 -1.997871e+00 +9.994582e-01 +1.913943e-02 +1.227368e-03 +6.666651e-01
1.05 -1.998076e+00 +9.995117e-01 +1.682596e-02 +1.052871e-03 +6.666654e-01
1.0625 -1.998303e+00 +9.995695e-01 +1.551005e-02 +9.638196e-04 +6.666655e-01
1.075 -1.998570e+00 +9.996367e-01 +1.350716e-02 +8.407004e-04 +6.666657e-01
1.0875000000000001 -1.998548e+00 +9.996297e-01 +1.493683e-02 +9.313921e-04 +6.666656e-01
1.1 -1.998783e+00 +9.996910e-01 +1.162556e-02 +6.959767e-04 +6.666658e-01
1.1125 -1.998884e+00 +9.997184e-01 +1.122463e-02 +6.527522e-04 +6.666659e-01
1.125 -1.998883e+00 +9.997180e-01 +1.161614e-02 +6.677430e-04 +6.666659e-01
1.1375 -1.999105e+00 +9.997734e-01 +9.184053e-03 +5.249563e-04 +6.666661e-01
1.1500000000000001 -1.999212e+00 +9.998016e-01 +8.362266e-03 +4.657385e-04 +6.666661e-01
1.1625 -1.999237e+00 +9.998070e-01 +8.472026e-03 +4.751653e-04 +6.666661e-01
1.175 -1.999274e+00 +9.998160e-01 +8.104233e-03 +4.540565e-04 +6.666662e-01
1.1875 -1.999360e+00 +9.998383e-01 +7.274854e-03 +3.968113e-04 +6.666662e-01
1.2 -1.999459e+00 +9.998641e-01 +6.175022e-03 +3.279180e-04 +6.666663e-01
1.2125 -1.999524e+00 +9.998809e-01 +5.526059e-03 +2.864484e-04 +6.666664e-01
1.225 -1.999502e+00 +9.998750e-01 +5.861095e-03 +3.038766e-04 +6.666663e-01
1.2375 -1.999581e+00 +9.998941e-01 +5.410366e-03 +2.845397e-04 +6.666664e-01
1.25 -1.999680e+00 +9.999191e-01 +4.113184e-03 +2.133107e-04 +6.666664e-01
1.2625 -1.999691e+00 +9.999223e-01 +3.977976e-03 +2.003033e-04 +6.666665e-01
1.275 -1.999693e+00 +9.999230e-01 +4.176384e-03 +2.064287e-04 +6.666665e-01
1.2875 -1.999720e+00 +9.999293e-01 +3.756787e-03 +1.875403e-04 +6.666665e-01
1.3 -1.999774e+00 +9.999434e-01 +3.149187e-03 +1.531512e-04 +6.666665e-01
1.3125 -1.999768e+00 +9.999418e-01 +3.291125e-03 +1.584842e-04 +6.666665e-01
1.325 -1.999833e+00 +9.999578e-01 +2.330816e-03 +1.135227e-04 +6.666666e-01
1.3375 -1.999825e+00 +9.999562e-01 +2.448369e-03 +1.144098e-04 +6.666666e-01
1.35 -1.999853e+00 +9.999629e-01 +2.180913e-03 +1.046197e-04 +6.666666e-01
1.3625 -1.999836e+00 +9.999586e-01 +2.466584e-03 +1.168267e-04 +6.666666e-01
1.375 -1.999853e+00 +9.999633e-01 +2.179720e-03 +9.907820e-05 +6.666666e-01
1.3875 -1.999890e+00 +9.999723e-01 +1.738800e-03 +8.020596e-05 +6.666666e-01
1.4000000000000001 -1.999888e+00 +9.999719e-01 +1.738598e-03 +7.761600e-05 +6.666666e-01
1.4125 -1.999902e+00 +9.999754e-01 +1.551389e-03 +6.864551e-05 +6.666666e-01
1.425 -1.999914e+00 +9.999785e-01 +1.380698e-03 +6.055693e-05 +6.666666e-01
1.4375 -1.999886e+00 +9.999715e-01 +1.858066e-03 +8.078548e-05 +6.666666e-01
1.45 -1.999953e+00 +9.999883e-01 +7.837069e-04 +3.378047e-05 +6.666666e-01
1.4625000000000001 -1.999942e+00 +9.999855e-01 +9.819237e-04 +4.196255e-05 +6.666666e-01
1.475 -1.999945e+00 +9.999863e-01 +9.451731e-04 +4.004971e-05 +6.666666e-01
1.4875 -1.999946e+00 +9.999863e-01 +9.683676e-04 +4.271333e-05 +6.666666e-01
1.5 -1.999967e+00 +9.999918e-01 +5.881444e-04 +2.450602e-05 +6.666666e-01
1.5125 -1.999967e+00 +9.999918e-01 +5.979876e-04 +2.471023e-05 +6.666666e-01
1.5250000000000001 -1.999959e+00 +9.999898e-01 +7.518978e-04 +3.081548e-05 +6.666666e-01
1.5375 -1.999963e+00 +9.999906e-01 +7.057678e-04 +2.868975e-05 +6.666666e-01
1.55 -1.999963e+00 +9.999906e-01 +7.249409e-04 +3.134487e-05 +6.666666e-01
1.5625 -1.999978e+00 +9.999945e-01 +4.260498e-04 +1.704199e-05 +6.666667e-01
1.575 -1.999958e+00 +9.999895e-01 +8.326900e-04 +3.304325e-05 +6.666666e-01
1.5875000000000001 -1.999975e+00 +9.999938e-01 +5.024183e-04 +1.978025e-05 +6.666667e-01
1.6 -1.999980e+00 +9.999949e-01 +4.149184e-04 +1.620775e-05 +6.666667e-01
1.6125 -1.999977e+00 +9.999941e-01 +4.860667e-04 +1.883979e-05 +6.666667e-01
1.625 -1.999984e+00 +9.999961e-01 +3.294180e-04 +1.266992e-05 +6.666667e-01
1.6375 -1.999986e+00 +9.999965e-01 +3.011152e-04 +1.149295e-05 +6.666667e-01
1.6500000000000001 -1.999986e+00 +9.999965e-01 +3.057299e-04 +1.158068e-05 +6.666667e-01
1.6625 -1.999989e+00 +9.999973e-01 +2.415032e-04 +9.079068e-06 +6.666667e-01
1.675 -1.999984e+00 +9.999961e-01 +3.500017e-04 +1.305977e-05 +6.666667e-01
1.6875 -1.999992e+00 +9.999980e-01 +1.778005e-04 +6.585205e-06 +6.666667e-01
1.7 -1.999997e+00 +9.999992e-01 +7.222110e-05 +2.655188e-06 +6.666667e-01
1.7125000000000001 -1.999991e+00 +9.999977e-01 +2.196853e-04 +8.017711e-06 +6.666667e-01
1.725 -1.999989e+00 +9.999973e-01 +2.600027e-04 +9.420387e-06 +6.666667e-01
1.7375 -1.999998e+00 +9.999996e-01 +3.772878e-05 +1.357151e-06 +6.666667e-01
1.75 -1.999997e+00 +9.999992e-01 +7.653188e-05 +2.733281e-06 +6.666667e-01
1.7625 -1.999991e+00 +9.999977e-01 +2.327009e-04 +8.251804e-06 +6.666667e-01
1.7750000000000001 -2.000000e+00 +1.000000e+00 +0.000000e+00 +0.000000e+00 +6.666667e-01
1.7875 -1.999998e+00 +9.999996e-01 +3.993147e-05 +1.396205e-06 +6.666667e-01
1.8 -1.999998e+00 +9.999996e-01 +4.049190e-05 +1.405969e-06 +6.666667e-01
1.8125 -2.000000e+00 +1.000000e+00 +0.000000e+00 +0.000000e+00 +6.666667e-01
1.825 -1.999998e+00 +9.999996e-01 +4.162449e-05 +1.425496e-06 +6.666667e-01
1.8375000000000001 -1.999992e+00 +9.999980e-01 +2.108144e-04 +7.170557e-06 +6.666667e-01
1.85 -2.000000e+00 +1.000000e+00 +0.000000e+00 +0.000000e+00 +6.666667e-01
1.8625 -1.999998e+00 +9.999996e-01 +4.335266e-05 +1.454787e-06 +6.666667e-01
1.875 -1.999994e+00 +9.999984e-01 +1.756406e-04 +5.854688e-06 +6.666667e-01
1.8875 -1.999995e+00 +9.999988e-01 +1.335194e-04 +4.421174e-06 +6.666667e-01
1.9000000000000001 -2.000000e+00 +1.000000e+00 +0.000000e+00 +0.000000e+00 +6.666667e-01
1.9125 -2.000000e+00 +1.000000e+00 +0.000000e+00 +0.000000e+00 +6.666667e-01
1.925 -1.999995e+00 +9.999988e-01 +1.388776e-04 +4.509012e-06 +6.666667e-01
1.9375 -2.000000e+00 +1.000000e+00 +0.000000e+00 +0.000000e+00 +6.666667e-01
1.95 -2.000000e+00 +1.000000e+00 +0.000000e+00 +0.000000e+00 +6.666667e-01
1.9625000000000001 -2.000000e+00 +1.000000e+00 +0.000000e+00 +0.000000e+00 +6.666667e-01
1.975 -2.000000e+00 +1.000000e+00 +0.000000e+00 +0.000000e+00 +6.666667e-01
1.9875 -2.000000e+00 +1.000000e+00 +0.000000e+00 +0.000000e+00 +6.666667e-01
2.0 -2.000000e+00 +1.000000e+00 +0.000000e+00 +0.000000e+00 +6.666667e-01
2.0125 -2.000000e+00 +1.000000e+00 +0.000000e+00 +0.000000e+00 +6.666667e-01
2.0250000000000004 -1.999997e+00 +9.999992e-01 +1.024746e-04 +3.162797e-06 +6.666667e-01
2.0375 -2.000000e+00 +1.000000e+00 +0.000000e+00 +0.000000e+00 +6.666667e-01
2.0500000000000003 -2.000000e+00 +1.000000e+00 +0.000000e+00 +0.000000e+00 +6.666667e-01
2.0625 -2.000000e+00 +1.000000e+00 +0.000000e+00 +0.000000e+00 +6.666667e-01
2.075 -2.000000e+00 +1.000000e+00 +0.000000e+00 +0.000000e+00 +6.666667e-01
2.0875000000000004 -2.000000e+00 +1.000000e+00 +0.000000e+00 +0.000000e+00 +6.666667e-01
2.1 -2.000000e+00 +1.000000e+00 +0.000000e+00 +0.000000e+00 +6.666667e-01
2.1125000000000003 -2.000000e+00 +1.000000e+00 +0.000000e+00 +0.000000e+00 +6.666667e-01
2.125 -2.000000e+00 +1.000000e+00 +0.000000e+00 +0.000000e+00 +6.666667e-01
2.1375 -2.000000e+00 +1.000000e+00 +0.000000e+00 +0.000000e+00 +6.666667e-01
2.1500000000000004 -2.000000e+00 +1.000000e+00 +0.000000e+00 +0.000000e+00 +6.666667e-01
2.1625 -2.000000e+00 +1.000000e+00 +0.000000e+00 +0.000000e+00 +6.666667e-01
2.1750000000000003 -2.000000e+00 +1.000000e+00 +0.000000e+00 +0.000000e+00 +6.666667e-01
2.1875 -2.000000e+00 +1.000000e+00 +0.000000e+00 +0.000000e+00 +6.666667e-01
2.2 -2.000000e+00 +1.000000e+00 +0.000000e+00 +0.000000e+00 +6.666667e-01
2.2125000000000004 -2.000000e+00 +1.000000e+00 +0.000000e+00 +0.000000e+00 +6.666667e-01
2.225 -2.000000e+00 +1.000000e+00 +0.000000e+00 +0.000000e+00 +6.666667e-01
2.2375000000000003 -2.000000e+00 +1.000000e+00 +0.000000e+00 +0.000000e+00 +6.666667e-01
2.2500000000000004 -2.000000e+00 +1.000000e+00 +0.000000e+00 +0.000000e+00 +6.666667e-01
2.2625 -2.000000e+00 +1.000000e+00 +0.000000e+00 +0.000000e+00 +6.666667e-01
2.2750000000000004 -2.000000e+00 +1.000000e+00 +0.000000e+00 +0.000000e+00 +6.666667e-01
2.2875 -2.000000e+00 +1.000000e+00 +0.000000e+00 +0.000000e+00 +6.666667e-01
2.3000000000000003 -2.000000e+00 +1.000000e+00 +0.000000e+00 +0.000000e+00 +6.666667e-01
2.3125000000000004 -2.000000e+00 +1.000000e+00 +0.000000e+00 +0.000000e+00 +6.666667e-01
2.325 -2.000000e+00 +1.000000e+00 +0.000000e+00 +0.000000e+00 +6.666667e-01
2.3375000000000004 -2.000000e+00 +1.000000e+00 +0.000000e+00 +0.000000e+00 +6.666667e-01
2.35 -2.000000e+00 +1.000000e+00 +0.000000e+00 +0.000000e+00 +6.666667e-01
2.3625000000000003 -2.000000e+00 +1.000000e+00 +0.000000e+00 +0.000000e+00 +6.666667e-01
2.3750000000000004 -2.000000e+00 +1.000000e+00 +0.000000e+00 +0.000000e+00 +6.666667e-01
2.3875 -2.000000e+00 +1.000000e+00 +0.000000e+00 +0.000000e+00 +6.666667e-01
2.4000000000000004 -2.000000e+00 +1.000000e+00 +0.000000e+00 +0.000000e+00 +6.666667e-01
2.4125 -2.000000e+00 +1.000000e+00 +0.000000e+00 +0.000000e+00 +6.666667e-01
2.4250000000000003 -2.000000e+00 +1.000000e+00 +0.000000e+00 +0.000000e+00 +6.666667e-01
2.4375000000000004 -2.000000e+00 +1.000000e+00 +0.000000e+00 +0.000000e+00 +6.666667e-01
2.45 -2.000000e+00 +1.000000e+00 +0.000000e+00 +0.000000e+00 +6.666667e-01
2.4625000000000004 -2.000000e+00 +1.000000e+00 +0.000000e+00 +0.000000e+00 +6.666667e-01
2.475 -2.000000e+00 +1.000000e+00 +0.000000e+00 +0.000000e+00 +6.666667e-01
2.4875000000000003 -2.000000e+00 +1.000000e+00 +0.000000e+00 +0.000000e+00 +6.666667e-01
2.5000000000000004 -2.000000e+00 +1.000000e+00 +0.000000e+00 +0.000000e+00 +6.666667e-01
2.5125 -2.000000e+00 +1.000000e+00 +0.000000e+00 +0.000000e+00 +6.666667e-01
2.5250000000000004 -2.000000e+00 +1.000000e+00 +0.000000e+00 +0.000000e+00 +6.666667e-01
2.5375 -2.000000e+00 +1.000000e+00 +0.000000e+00 +0.000000e+00 +6.666667e-01
2.5500000000000003 -2.000000e+00 +1.000000e+00 +0.000000e+00 +0.000000e+00 +6.666667e-01
2.5625000000000004 -2.000000e+00 +1.000000e+00 +0.000000e+00 +0.000000e+00 +6.666667e-01
2.575 -2.000000e+00 +1.000000e+00 +0.000000e+00 +0.000000e+00 +6.666667e-01
2.5875000000000004 -2.000000e+00 +1.000000e+00 +0.000000e+00 +0.000000e+00 +6.666667e-01
2.6000000000000005 -2.000000e+00 +1.000000e+00 +0.000000e+00 +0.000000e+00 +6.666667e-01
2.6125000000000003 -2.000000e+00 +1.000000e+00 +0.000000e+00 +0.000000e+00 +6.666667e-01
2.6250000000000004 -2.000000e+00 +1.000000e+00 +0.000000e+00 +0.000000e+00 +6.666667e-01
2.6375 -2.000000e+00 +1.000000e+00 +0.000000e+00 +0.000000e+00 +6.666667e-01
2.6500000000000004 -2.000000e+00 +1.000000e+00 +0.000000e+00 +0.000000e+00 +6.666667e-01
2.6625000000000005 -2.000000e+00 +1.000000e+00 +0.000000e+00 +0.000000e+00 +6.666667e-01
2.6750000000000003 -2.000000e+00 +1.000000e+00 +0.000000e+00 +0.000000e+00 +6.666667e-01
2.6875000000000004 -2.000000e+00 +1.000000e+00 +0.000000e+00 +0.000000e+00 +6.666667e-01
2.7 -2.000000e+00 +1.000000e+00 +0.000000e+00 +0.000000e+00 +6.666667e-01
2.7125000000000004 -2.000000e+00 +1.000000e+00 +0.000000e+00 +0.000000e+00 +6.666667e-01
2.7250000000000005 -2.000000e+00 +1.000000e+00 +0.000000e+00 +0.000000e+00 +6.666667e-01
2.7375000000000003 -2.000000e+00 +1.000000e+00 +0.000000e+00 +0.000000e+00 +6.666667e-01
2.7500000000000004 -2.000000e+00 +1.000000e+00 +0.000000e+00 +0.000000e+00 +6.666667e-01
2.7625 -2.000000e+00 +1.000000e+00 +0.000000e+00 +0.000000e+00 +6.666667e-01
2.7750000000000004 -2.000000e+00 +1.000000e+00 +0.000000e+00 +0.000000e+00 +6.666667e-01
2.7875000000000005 -2.000000e+00 +1.000000e+00 +0.000000e+00 +0.000000e+00 +6.666667e-01
2.8000000000000003 -2.000000e+00 +1.000000e+00 +0.000000e+00 +0.000000e+00 +6.666667e-01
2.8125000000000004 -2.000000e+00 +1.000000e+00 +0.000000e+00 +0.000000e+00 +6.666667e-01
2.825 -2.000000e+00 +1.000000e+00 +0.000000e+00 +0.000000e+00 +6.666667e-01
2.8375000000000004 -2.000000e+00 +1.000000e+00 +0.000000e+00 +0.000000e+00 +6.666667e-01
2.8500000000000005 -2.000000e+00 +1.000000e+00 +0.000000e+00 +0.000000e+00 +6.666667e-01
2.8625000000000003 -2.000000e+00 +1.000000e+00 +0.000000e+00 +0.000000e+00 +6.666667e-01
2.8750000000000004 -2.000000e+00 +1.000000e+00 +0.000000e+00 +0.000000e+00 +6.666667e-01
2.8875 -2.000000e+00 +1.000000e+00 +0.000000e+00 +0.000000e+00 +6.666667e-01
2.9000000000000004 -2.000000e+00 +1.000000e+00 +0.000000e+00 +0.000000e+00 +6.666667e-01
2.9125000000000005 -2.000000e+00 +1.000000e+00 +0.000000e+00 +0.000000e+00 +6.666667e-01
2.9250000000000003 -2.000000e+00 +1.000000e+00 +0.000000e+00 +0.000000e+00 +6.666667e-01
2.9375000000000004 -2.000000e+00 +1.000000e+00 +0.000000e+00 +0.000000e+00 +6.666667e-01
2.95 -2.000000e+00 +1.000000e+00 +0.000000e+00 +0.000000e+00 +6.666667e-01
2.9625000000000004 -2.000000e+00 +1.000000e+00 +0.000000e+00 +0.000000e+00 +6.666667e-01
2.9750000000000005 -2.000000e+00 +1.000000e+00 +0.000000e+00 +0.000000e+00 +6.666667e-01
2.9875000000000003 -2.000000e+00 +1.000000e+00 +0.000000e+00 +0.000000e+00 +6.666667e-01
3.0000000000000004 -2.000000e+00 +1.000000e+00 +0.000000e+00 +0.000000e+00 +6.666667e-01
3.0125 -2.000000e+00 +1.000000e+00 +0.000000e+00 +0.000000e+00 +6.666667e-01
3.0250000000000004 -2.000000e+00 +1.000000e+00 +0.000000e+00 +0.000000e+00 +6.666667e-01
3.0375000000000005 -2.000000e+00 +1.000000e+00 +0.000000e+00 +0.000000e+00 +6.666667e-01
3.0500000000000003 -2.000000e+00 +1.000000e+00 +0.000000e+00 +0.000000e+00 +6.666667e-01
3.0625000000000004 -2.000000e+00 +1.000000e+00 +0.000000e+00 +0.000000e+00 +6.666667e-01
3.075 -2.000000e+00 +1.000000e+00 +0.000000e+00 +0.000000e+00 +6.666667e-01
3.0875000000000004 -2.000000e+00 +1.000000e+00 +0.000000e+00 +0.000000e+00 +6.666667e-01
3.1000000000000005 -2.000000e+00 +1.000000e+00 +0.000000e+00 +0.000000e+00 +6.666667e-01
3.1125000000000003 -2.000000e+00 +1.000000e+00 +0.000000e+00 +0.000000e+00 +6.666667e-01
3.1250000000000004 -2.000000e+00 +1.000000e+00 +0.000000e+00 +0.000000e+00 +6.666667e-01
3.1375 -2.000000e+00 +1.000000e+00 +0.000000e+00 +0.000000e+00 +6.666667e-01
3.1500000000000004 -2.000000e+00 +1.000000e+00 +0.000000e+00 +0.000000e+00 +6.666667e-01
3.1625000000000005 -2.000000e+00 +1.000000e+00 +0.000000e+00 +0.000000e+00 +6.666667e-01
3.1750000000000003 -2.000000e+00 +1.000000e+00 +0.000000e+00 +0.000000e+00 +6.666667e-01
3.1875000000000004 -2.000000e+00 +1.000000e+00 +0.000000e+00 +0.000000e+00 +6.666667e-01
3.2 -2.000000e+00 +1.000000e+00 +0.000000e+00 +0.000000e+00 +6.666667e-01
3.2125000000000004 -2.000000e+00 +1.000000e+00 +0.000000e+00 +0.000000e+00 +6.666667e-01
3.2250000000000005 -2.000000e+00 +1.000000e+00 +0.000000e+00 +0.000000e+00 +6.666667e-01
3.2375000000000003 -2.000000e+00 +1.000000e+00 +0.000000e+00 +0.000000e+00 +6.666667e-01
3.2500000000000004 -2.000000e+00 +1.000000e+00 +0.000000e+00 +0.000000e+00 +6.666667e-01
3.2625 -2.000000e+00 +1.000000e+00 +0.000000e+00 +0.000000e+00 +6.666667e-01
3.2750000000000004 -2.000000e+00 +1.000000e+00 +0.000000e+00 +0.000000e+00 +6.666667e-01
3.2875000000000005 -2.000000e+00 +1.000000e+00 +0.000000e+00 +0.000000e+00 +6.666667e-01
3.3000000000000003 -2.000000e+00 +1.000000e+00 +0.000000e+00 +0.000000e+00 +6.666667e-01
3.3125000000000004 -2.000000e+00 +1.000000e+00 +0.000000e+00 +0.000000e+00 +6.666667e-01
3.325 -2.000000e+00 +1.000000e+00 +0.000000e+00 +0.000000e+00 +6.666667e-01
3.3375000000000004 -2.000000e+00 +1.000000e+00 +0.000000e+00 +0.000000e+00 +6.666667e-01
3.3500000000000005 -2.000000e+00 +1.000000e+00 +0.000000e+00 +0.000000e+00 +6.666667e-01
3.3625000000000003 -2.000000e+00 +1.000000e+00 +0.000000e+00 +0.000000e+00 +6.666667e-01
3.3750000000000004 -2.000000e+00 +1.000000e+00 +0.000000e+00 +0.000000e+00 +6.666667e-01
3.3875 -2.000000e+00 +1.000000e+00 +0.000000e+00 +0.000000e+00 +6.666667e-01
3.4000000000000004 -2.000000e+00 +1.000000e+00 +0.000000e+00 +0.000000e+00 +6.666667e-01
3.4125000000000005 -2.000000e+00 +1.000000e+00 +0.000000e+00 +0.000000e+00 +6.666667e-01
3.4250000000000003 -2.000000e+00 +1.000000e+00 +0.000000e+00 +0.000000e+00 +6.666667e-01
3.4375000000000004 -2.000000e+00 +1.000000e+00 +0.000000e+00 +0.000000e+00 +6.666667e-01
3.45 -2.000000e+00 +1.000000e+00 +0.000000e+00 +0.000000e+00 +6.666667e-01
3.4625000000000004 -2.000000e+00 +1.000000e+00 +0.000000e+00 +0.000000e+00 +6.666667e-01
3.4750000000000005 -2.000000e+00 +1.000000e+00 +0.000000e+00 +0.000000e+00 +6.666667e-01
3.4875000000000003 -2.000000e+00 +1.000000e+00 +0.000000e+00 +0.000000e+00 +6.666667e-01
3.5000000000000004 -2.000000e+00 +1.000000e+00 +0.000000e+00 +0.000000e+00 +6.666667e-01
3.5125 -2.000000e+00 +1.000000e+00 +0.000000e+00 +0.000000e+00 +6.666667e-01
3.5250000000000004 -2.000000e+00 +1.000000e+00 +0.000000e+00 +0.000000e+00 +6.666667e-01
3.5375000000000005 -2.000000e+00 +1.000000e+00 +0.000000e+00 +0.000000e+00 +6.666667e-01
3.5500000000000003 -2.000000e+00 +1.000000e+00 +0.000000e+00 +0.000000e+00 +6.666667e-01
3.5625000000000004 -2.000000e+00 +1.000000e+00 +0.000000e+00 +0.000000e+00 +6.666667e-01
3.575 -2.000000e+00 +1.000000e+00 +0.000000e+00 +0.000000e+00 +6.666667e-01
3.5875000000000004 -2.000000e+00 +1.000000e+00 +0.000000e+00 +0.000000e+00 +6.666667e-01
3.6000000000000005 -2.000000e+00 +1.000000e+00 +0.000000e+00 +0.000000e+00 +6.666667e-01
3.6125000000000003 -2.000000e+00 +1.000000e+00 +0.000000e+00 +0.000000e+00 +6.666667e-01
3.6250000000000004 -2.000000e+00 +1.000000e+00 +0.000000e+00 +0.000000e+00 +6.666667e-01
3.6375 -2.000000e+00 +1.000000e+00 +0.000000e+00 +0.000000e+00 +6.666667e-01
3.6500000000000004 -2.000000e+00 +1.000000e+00 +0.000000e+00 +0.000000e+00 +6.666667e-01
3.6625000000000005 -2.000000e+00 +1.000000e+00 +0.000000e+00 +0.000000e+00 +6.666667e-01
3.6750000000000003 -2.000000e+00 +1.000000e+00 +0.000000e+00 +0.000000e+00 +6.666667e-01
3.6875000000000004 -2.000000e+00 +1.000000e+00 +0.000000e+00 +0.000000e+00 +6.666667e-01
3.7 -2.000000e+00 +1.000000e+00 +0.000000e+00 +0.000000e+00 +6.666667e-01
3.7125000000000004 -2.000000e+00 +1.000000e+00 +0.000000e+00 +0.000000e+00 +6.666667e-01
3.7250000000000005 -2.000000e+00 +1.000000e+00 +0.000000e+00 +0.000000e+00 +6.666667e-01
3.7375000000000003 -2.000000e+00 +1.000000e+00 +0.000000e+00 +0.000000e+00 +6.666667e-01
3.7500000000000004 -2.000000e+00 +1.000000e+00 +0.000000e+00 +0.000000e+00 +6.666667e-01
3.7625 -2.000000e+00 +1.000000e+00 +0.000000e+00 +0.000000e+00 +6.666667e-01
3.7750000000000004 -2.000000e+00 +1.000000e+00 +0.000000e+00 +0.000000e+00 +6.666667e-01
3.7875000000000005 -2.000000e+00 +1.000000e+00 +0.000000e+00 +0.000000e+00 +6.666667e-01
3.8000000000000003 -2.000000e+00 +1.000000e+00 +0.000000e+00 +0.000000e+00 +6.666667e-01
3.8125000000000004 -2.000000e+00 +1.000000e+00 +0.000000e+00 +0.000000e+00 +6.666667e-01
3.825 -2.000000e+00 +1.000000e+00 +0.000000e+00 +0.000000e+00 +6.666667e-01
3.8375000000000004 -2.000000e+00 +1.000000e+00 +0.000000e+00 +0.000000e+00 +6.666667e-01
3.8500000000000005 -2.000000e+00 +1.000000e+00 +0.000000e+00 +0.000000e+00 +6.666667e-01
3.8625000000000003 -2.000000e+00 +1.000000e+00 +0.000000e+00 +0.000000e+00 +6.666667e-01
3.8750000000000004 -2.000000e+00 +1.000000e+00 +0.000000e+00 +0.000000e+00 +6.666667e-01
3.8875 -2.000000e+00 +1.000000e+00 +0.000000e+00 +0.000000e+00 +6.666667e-01
3.9000000000000004 -2.000000e+00 +1.000000e+00 +0.000000e+00 +0.000000e+00 +6.666667e-01
3.9125000000000005 -2.000000e+00 +1.000000e+00 +0.000000e+00 +0.000000e+00 +6.666667e-01
3.9250000000000003 -2.000000e+00 +1.000000e+00 +0.000000e+00 +0.000000e+00 +6.666667e-01
3.9375000000000004 -2.000000e+00 +1.000000e+00 +0.000000e+00 +0.000000e+00 +6.666667e-01
3.95 -2.000000e+00 +1.000000e+00 +0.000000e+00 +0.000000e+00 +6.666667e-01
3.9625000000000004 -2.000000e+00 +1.000000e+00 +0.000000e+00 +0.000000e+00 +6.666667e-01
3.9750000000000005 -2.000000e+00 +1.000000e+00 +0.000000e+00 +0.000000e+00 +6.666667e-01
3.9875000000000003 -2.000000e+00 +1.000000e+00 +0.000000e+00 +0.000000e+00 +6.666667e-01
4.0 -2.000000e+00 +1.000000e+00 +0.000000e+00 +0.000000e+00 +6.666667e-01
4.0125 -2.000000e+00 +1.000000e+00 +0.000000e+00 +0.000000e+00 +6.666667e-01
4.025 -2.000000e+00 +1.000000e+00 +0.000000e+00 +0.000000e+00 +6.666667e-01
4.0375000000000005 -2.000000e+00 +1.000000e+00 +0.000000e+00 +0.000000e+00 +6.666667e-01
4.05 -2.000000e+00 +1.000000e+00 +0.000000e+00 +0.000000e+00 +6.666667e-01
4.0625 -2.000000e+00 +1.000000e+00 +0.000000e+00 +0.000000e+00 +6.666667e-01
4.075 -2.000000e+00 +1.000000e+00 +0.000000e+00 +0.000000e+00 +6.666667e-01
4.0875 -2.000000e+00 +1.000000e+00 +0.000000e+00 +0.000000e+00 +6.666667e-01
4.1000000000000005 -2.000000e+00 +1.000000e+00 +0.000000e+00 +0.000000e+00 +6.666667e-01
4.1125 -2.000000e+00 +1.000000e+00 +0.000000e+00 +0.000000e+00 +6.666667e-01
4.125 -2.000000e+00 +1.000000e+00 +0.000000e+00 +0.000000e+00 +6.666667e-01
4.1375 -2.000000e+00 +1.000000e+00 +0.000000e+00 +0.000000e+00 +6.666667e-01
4.15 -2.000000e+00 +1.000000e+00 +0.000000e+00 +0.000000e+00 +6.666667e-01
4.1625000000000005 -2.000000e+00 +1.000000e+00 +0.000000e+00 +0.000000e+00 +6.666667e-01
4.175 -2.000000e+00 +1.000000e+00 +0.000000e+00 +0.000000e+00 +6.666667e-01
4.1875 -2.000000e+00 +1.000000e+00 +0.000000e+00 +0.000000e+00 +6.666667e-01
4.2 -2.000000e+00 +1.000000e+00 +0.000000e+00 +0.000000e+00 +6.666667e-01
4.2125 -2.000000e+00 +1.000000e+00 +0.000000e+00 +0.000000e+00 +6.666667e-01
4.2250000000000005 -2.000000e+00 +1.000000e+00 +0.000000e+00 +0.000000e+00 +6.666667e-01
4.237500000000001 -2.000000e+00 +1.000000e+00 +0.000000e+00 +0.000000e+00 +6.666667e-01
4.25 -2.000000e+00 +1.000000e+00 +0.000000e+00 +0.000000e+00 +6.666667e-01
4.2625 -2.000000e+00 +1.000000e+00 +0.000000e+00 +0.000000e+00 +6.666667e-01
4.275 -2.000000e+00 +1.000000e+00 +0.000000e+00 +0.000000e+00 +6.666667e-01
4.2875000000000005 -2.000000e+00 +1.000000e+00 +0.000000e+00 +0.000000e+00 +6.666667e-01
4.300000000000001 -2.000000e+00 +1.000000e+00 +0.000000e+00 +0.000000e+00 +6.666667e-01
4.3125 -2.000000e+00 +1.000000e+00 +0.000000e+00 +0.000000e+00 +6.666667e-01
4.325 -2.000000e+00 +1.000000e+00 +0.000000e+00 +0.000000e+00 +6.666667e-01
4.3375 -2.000000e+00 +1.000000e+00 +0.000000e+00 +0.000000e+00 +6.666667e-01
4.3500000000000005 -2.000000e+00 +1.000000e+00 +0.000000e+00 +0.000000e+00 +6.666667e-01
4.362500000000001 -2.000000e+00 +1.000000e+00 +0.000000e+00 +0.000000e+00 +6.666667e-01
4.375 -2.000000e+00 +1.000000e+00 +0.000000e+00 +0.000000e+00 +6.666667e-01
4.3875 -2.000000e+00 +1.000000e+00 +0.000000e+00 +0.000000e+00 +6.666667e-01
4.4 -2.000000e+00 +1.000000e+00 +0.000000e+00 +0.000000e+00 +6.666667e-01
4.4125000000000005 -2.000000e+00 +1.000000e+00 +0.000000e+00 +0.000000e+00 +6.666667e-01
4.425000000000001 -2.000000e+00 +1.000000e+00 +0.000000e+00 +0.000000e+00 +6.666667e-01
4.4375 -2.000000e+00 +1.000000e+00 +0.000000e+00 +0.000000e+00 +6.666667e-01
4.45 -2.000000e+00 +1.000000e+00 +0.000000e+00 +0.000000e+00 +6.666667e-01
4.4625 -2.000000e+00 +1.000000e+00 +0.000000e+00 +0.000000e+00 +6.666667e-01
4.4750000000000005 -2.000000e+00 +1.000000e+00 +0.000000e+00 +0.000000e+00 +6.666667e-01
4.487500000000001 -2.000000e+00 +1.000000e+00 +0.000000e+00 +0.000000e+00 +6.666667e-01
4.5 -2.000000e+00 +1.000000e+00 +0.000000e+00 +0.000000e+00 +6.666667e-01
4.5125 -2.000000e+00 +1.000000e+00 +0.000000e+00 +0.000000e+00 +6.666667e-01
4.525 -2.000000e+00 +1.000000e+00 +0.000000e+00 +0.000000e+00 +6.666667e-01
4.5375000000000005 -2.000000e+00 +1.000000e+00 +0.000000e+00 +0.000000e+00 +6.666667e-01
4.550000000000001 -2.000000e+00 +1.000000e+00 +0.000000e+00 +0.000000e+00 +6.666667e-01
4.5625 -2.000000e+00 +1.000000e+00 +0.000000e+00 +0.000000e+00 +6.666667e-01
4.575 -2.000000e+00 +1.000000e+00 +0.000000e+00 +0.000000e+00 +6.666667e-01
4.5875 -2.000000e+00 +1.000000e+00 +0.000000e+00 +0.000000e+00 +6.666667e-01
4.6000000000000005 -2.000000e+00 +1.000000e+00 +0.000000e+00 +0.000000e+00 +6.666667e-01
4.612500000000001 -2.000000e+00 +1.000000e+00 +0.000000e+00 +0.000000e+00 +6.666667e-01
4.625 -2.000000e+00 +1.000000e+00 +0.000000e+00 +0.000000e+00 +6.666667e-01
4.6375 -2.000000e+00 +1.000000e+00 +0.000000e+00 +0.000000e+00 +6.666667e-01
4.65 -2.000000e+00 +1.000000e+00 +0.000000e+00 +0.000000e+00 +6.666667e-01
4.6625000000000005 -2.000000e+00 +1.000000e+00 +0.000000e+00 +0.000000e+00 +6.666667e-01
4.675000000000001 -2.000000e+00 +1.000000e+00 +0.000000e+00 +0.000000e+00 +6.666667e-01
4.6875 -2.000000e+00 +1.000000e+00 +0.000000e+00 +0.000000e+00 +6.666667e-01
4.7 -2.000000e+00 +1.000000e+00 +0.000000e+00 +0.000000e+00 +6.666667e-01
4.7125 -2.000000e+00 +1.000000e+00 +0.000000e+00 +0.000000e+00 +6.666667e-01
4.7250000000000005 -2.000000e+00 +1.000000e+00 +0.000000e+00 +0.000000e+00 +6.666667e-01
4.737500000000001 -2.000000e+00 +1.000000e+00 +0.000000e+00 +0.000000e+00 +6.666667e-01
4.75 -2.000000e+00 +1.000000e+00 +0.000000e+00 +0.000000e+00 +6.666667e-01
4.7625 -2.000000e+00 +1.000000e+00 +0.000000e+00 +0.000000e+00 +6.666667e-01
4.775 -2.000000e+00 +1.000000e+00 +0.000000e+00 +0.000000e+00 +6.666667e-01
4.7875000000000005 -2.000000e+00 +1.000000e+00 +0.000000e+00 +0.000000e+00 +6.666667e-01
4.800000000000001 -2.000000e+00 +1.000000e+00 +0.000000e+00 +0.000000e+00 +6.666667e-01
4.8125 -2.000000e+00 +1.000000e+00 +0.000000e+00 +0.000000e+00 +6.666667e-01
4.825 -2.000000e+00 +1.000000e+00 +0.000000e+00 +0.000000e+00 +6.666667e-01
4.8375 -2.000000e+00 +1.000000e+00 +0.000000e+00 +0.000000e+00 +6.666667e-01
4.8500000000000005 -2.000000e+00 +1.000000e+00 +0.000000e+00 +0.000000e+00 +6.666667e-01
4.862500000000001 -2.000000e+00 +1.000000e+00 +0.000000e+00 +0.000000e+00 +6.666667e-01
4.875 -2.000000e+00 +1.000000e+00 +0.000000e+00 +0.000000e+00 +6.666667e-01
4.8875 -2.000000e+00 +1.000000e+00 +0.000000e+00 +0.000000e+00 +6.666667e-01
4.9 -2.000000e+00 +1.000000e+00 +0.000000e+00 +0.000000e+00 +6.666667e-01
4.9125000000000005 -2.000000e+00 +1.000000e+00 +0.000000e+00 +0.000000e+00 +6.666667e-01
4.925000000000001 -2.000000e+00 +1.000000e+00 +0.000000e+00 +0.000000e+00 +6.666667e-01
4.9375 -2.000000e+00 +1.000000e+00 +0.000000e+00 +0.000000e+00 +6.666667e-01
4.95 -2.000000e+00 +1.000000e+00 +0.000000e+00 +0.000000e+00 +6.666667e-01
4.9625 -2.000000e+00 +1.000000e+00 +0.000000e+00 +0.000000e+00 +6.666667e-01
4.9750000000000005 -2.000000e+00 +1.000000e+00 +0.000000e+00 +0.000000e+00 +6.666667e-01
4.987500000000001 -2.000000e+00 +1.000000e+00 +0.000000e+00 +0.000000e+00 +6.666667e-01
5.000000000000001 -2.000000e+00 +1.000000e+00 +0.000000e+00 +0.000000e+00 +6.666667e-01
5.0125 -2.000000e+00 +1.000000e+00 +0.000000e+00 +0.000000e+00 +6.666667e-01
5.025 -2.000000e+00 +1.000000e+00 +0.000000e+00 +0.000000e+00 +6.666667e-01
5.0375000000000005 -2.000000e+00 +1.000000e+00 +0.000000e+00 +0.000000e+00 +6.666667e-01
5.050000000000001 -2.000000e+00 +1.000000e+00 +0.000000e+00 +0.000000e+00 +6.666667e-01
5.062500000000001 -2.000000e+00 +1.000000e+00 +0.000000e+00 +0.000000e+00 +6.666667e-01
5.075 -2.000000e+00 +1.000000e+00 +0.000000e+00 +0.000000e+00 +6.666667e-01
5.0875 -2.000000e+00 +1.000000e+00 +0.000000e+00 +0.000000e+00 +6.666667e-01
5.1000000000000005 -2.000000e+00 +1.000000e+00 +0.000000e+00 +0.000000e+00 +6.666667e-01
5.112500000000001 -2.000000e+00 +1.000000e+00 +0.000000e+00 +0.000000e+00 +6.666667e-01
5.125000000000001 -2.000000e+00 +1.000000e+00 +0.000000e+00 +0.000000e+00 +6.666667e-01
5.1375 -2.000000e+00 +1.000000e+00 +0.000000e+00 +0.000000e+00 +6.666667e-01
5.15 -2.000000e+00 +1.000000e+00 +0.000000e+00 +0.000000e+00 +6.666667e-01
5.1625000000000005 -2.000000e+00 +1.000000e+00 +0.000000e+00 +0.000000e+00 +6.666667e-01
5.175000000000001 -2.000000e+00 +1.000000e+00 +0.000000e+00 +0.000000e+00 +6.666667e-01
5.187500000000001 -2.000000e+00 +1.000000e+00 +0.000000e+00 +0.000000e+00 +6.666667e-01
